
测试排序二叉树
19

测试平衡二叉树
树高度：11
最大高度：15
最低高度：10
节点数：1000
当前高度的最少节点：232


测试迭代器
9969 9961 9928 9925 9916 9889 9823 9814 9806 9799 9798 9795 9788 9780 9773 9771 9769 9765 9760 9754 9752 9750 9746 9723 9720 9712 9711 9702 9702 9671 9666 9625 9618 9616 9607 9605 9604 9580 9569 9563 9563 9560 9476 9475 9468 9431 9419 9387 9369 9366 9333 9333 9313 9307 9306 9298 9261 9249 9243 9227 9223 9207 9191 9187 9174 9171 9145 9135 9130 9095 9088 9087 9081 9065 9061 9061 9050 9044 9027 9018 9017 9004 9000 8987 8965 8949 8916 8913 8889 8876 8861 8859 8858 8851 8841 8833 8826 8821 8813 8808 8806 8799 8799 8772 8740 8736 8728 8692 8679 8669 8668 8666 8662 8653 8652 8650 8641 8638 8636 8627 8616 8613 8606 8586 8585 8579 8579 8556 8542 8538 8509 8481 8475 8472 8452 8435 8428 8426 8403 8394 8378 8362 8336 8325 8309 8296 8285 8282 8273 8253 8234 8216 8209 8178 8176 8175 8173 8171 8161 8149 8148 8141 8137 8132 8123 8105 8104 8086 8059 8049 8038 8008 8003 7980 7975 7970 7924 7921 7917 7916 7912 7908 7901 7898 7893 7875 7857 7854 7829 7828 7809 7791 7787 7779 7767 7763 7749 7748 7735 7722 7720 7712 7698 7692 7679 7677 7668 7666 7660 7598 7592 7586 7577 7563 7559 7549 7530 7504 7494 7479 7463 7463 7442 7440 7433 7428 7426 7415 7370 7366 7354 7349 7302 7302 7234 7193 7155 7154 7144 7144 7132 7119 7117 7109 7107 7087 7077 7062 7061 7057 7055 7055 7050 7005 7005 7002 6998 6987 6975 6975 6966 6898 6897 6890 6866 6858 6851 6821 6811 6807 6807 6806 6802 6798 6796 6791 6785 6759 6747 6736 6734 6724 6721 6718 6710 6696 6649 6626 6610 6605 6592 6573 6572 6570 6563 6561 6561 6553 6549 6539 6539 6522 6519 6467 6465 6450 6442 6441 6438 6437 6433 6417 6408 6408 6399 6392 6391 6367 6366 6358 6334 6306 6304 6291 6282 6281 6279 6271 6263 6255 6244 6213 6189 6186 6158 6152 6148 6141 6130 6116 6102 6101 6099 6098 6098 6070 6043 6041 6027 6025 6018 6013 6006 5993 5991 5990 5987 5977 5969 5947 5946 5945 5927 5926 5918 5909 5888 5866 5860 5855 5851 5850 5831 5828 5811 5793 5785 5783 5774 5756 5753 5737 5700 5687 5670 5665 5662 5649 5629 5617 5593 5577 5567 5562 5551 5541 5536 5522 5493 5476 5462 5454 5451 5432 5429 5421 5393 5366 5360 5359 5348 5344 5337 5303 5275 5268 5267 5259 5254 5246 5241 5198 5188 5183 5171 5167 5150 5147 5147 5141 5140 5139 5117 5093 5067 5047 5024 5013 5008 5004 4985 4974 4964 4958 4942 4939 4938 4935 4927 4924 4890 4881 4875 4861 4859 4825 4819 4818 4817 4814 4799 4769 4745 4731 4722 4715 4706 4701 4701 4690 4674 4669 4663 4660 4659 4636 4629 4625 4620 4597 4582 4555 4550 4546 4544 4544 4524 4524 4523 4514 4513 4512 4503 4503 4484 4473 4473 4458 4455 4441 4418 4396 4382 4371 4354 4342 4335 4300 4268 4238 4204 4197 4192 4186 4175 4175 4167 4161 4160 4156 4132 4126 4115 4105 4093 4072 4056 4013 4004 4002 3992 3986 3979 3956 3938 3927 3927 3926 3914 3914 3893 3892 3888 3884 3871 3867 3866 3865 3862 3860 3852 3840 3828 3814 3802 3801 3797 3793 3773 3773 3765 3753 3747 3722 3714 3683 3681 3681 3668 3652 3608 3562 3561 3558 3556 3553 3552 3546 3526 3524 3518 3514 3505 3503 3496 3494 3476 3451 3442 3417 3404 3396 3395 3384 3381 3379 3372 3367 3363 3334 3313 3309 3302 3302 3299 3299 3299 3290 3289 3287 3264 3258 3254 3238 3226 3222 3183 3182 3174 3164 3162 3145 3106 3102 3095 3094 3082 3043 3042 3037 3036 3026 3025 3014 3014 3011 3003 3001 2993 2977 2962 2957 2957 2953 2917 2915 2907 2905 2898 2890 2890 2885 2885 2870 2852 2844 2843 2837 2830 2827 2819 2819 2817 2809 2808 2802 2801 2787 2781 2778 2776 2776 2764 2752 2707 2696 2689 2684 2679 2678 2677 2663 2650 2648 2614 2614 2610 2608 2599 2593 2589 2582 2577 2575 2574 2572 2572 2571 2563 2553 2549 2545 2541 2538 2506 2501 2495 2492 2491 2486 2474 2467 2462 2454 2450 2445 2433 2421 2419 2409 2407 2405 2403 2398 2394 2354 2339 2335 2320 2316 2310 2303 2302 2289 2277 2275 2275 2274 2273 2249 2243 2235 2234 2229 2212 2201 2199 2175 2148 2143 2142 2130 2127 2115 2112 2105 2103 2102 2102 2092 2079 2075 2072 2065 2026 2005 1998 1992 1985 1965 1958 1955 1914 1912 1893 1879 1872 1871 1852 1827 1820 1811 1798 1797 1791 1787 1780 1779 1775 1766 1754 1750 1741 1741 1707 1692 1691 1690 1679 1626 1621 1616 1572 1557 1550 1548 1547 1545 1539 1531 1527 1501 1480 1479 1475 1472 1466 1455 1453 1452 1443 1440 1421 1406 1398 1394 1392 1384 1374 1369 1350 1349 1349 1342 1340 1337 1337 1328 1325 1320 1316 1316 1308 1301 1290 1283 1276 1271 1261 1260 1257 1254 1247 1227 1223 1215 1215 1207 1200 1184 1181 1173 1156 1154 1148 1139 1134 1124 1124 1118 1110 1102 1084 1078 1065 1065 1065 1063 1058 1051 1024 1014 1013 1011 997 945 944 943 940 924 920 914 897 896 858 858 851 847 845 841 824 820 796 789 786 774 767 761 761 750 748 735 727 724 722 720 713 704 699 677 669 668 662 612 606 585 585 583 577 577 570 559 550 540 533 527 526 525 521 519 508 503 502 495 468 468 455 453 449 435 432 420 420 404 400 394 387 382 370 341 332 331 323 302 290 287 269 262 258 256 256 248 237 234 234 232 229 223 211 201 200 194 189 186 172 165 133 80 78 76 60 57 48 47 37 32 10 10 2 1 
9765 2663 165 57 1 2 10 37 32 10 47 48 133 78 76 60 80 2572 1775 331 287 237 234 189 172 186 229 201 200 194 223 211 232 234 262 258 256 248 256 269 323 302 290 519 432 387 370 332 341 382 400 394 404 420 420 495 449 435 455 453 468 468 508 503 502 727 612 550 533 527 525 521 526 540 583 570 559 577 577 585 606 585 724 668 662 713 704 669 699 677 720 722 1679 1014 796 750 735 748 774 761 767 761 786 789 841 820 824 845 943 940 851 847 896 858 858 920 914 897 924 997 944 945 1011 1013 1337 1065 1051 1024 1058 1063 1084 1065 1065 1078 1247 1154 1110 1102 1118 1134 1124 1124 1139 1148 1200 1184 1156 1173 1181 1223 1215 1207 1215 1227 1328 1325 1260 1257 1254 1283 1271 1261 1276 1308 1301 1290 1320 1316 1316 1337 1572 1443 1374 1349 1342 1340 1369 1350 1349 1421 1398 1384 1392 1394 1406 1440 1475 1455 1452 1453 1466 1472 1480 1479 1557 1547 1539 1527 1501 1531 1545 1548 1550 1621 1616 1626 1750 1691 1690 1707 1692 1741 1741 1766 1754 1912 1787 1780 1779 1791 1879 1827 1820 1797 1798 1811 1852 1871 1872 1893 2403 1992 1914 1965 1955 1958 1985 2112 2092 2026 2005 1998 2065 2079 2072 2075 2105 2102 2102 2103 2243 2201 2175 2127 2115 2130 2148 2143 2142 2199 2212 2235 2234 2229 2394 2335 2273 2249 2274 2275 2320 2303 2275 2289 2277 2302 2316 2310 2354 2339 2398 2506 2419 2405 2409 2407 2474 2445 2421 2433 2450 2462 2454 2467 2491 2486 2492 2495 2501 2541 2538 2563 2553 2545 2549 2571 2610 2574 2572 2593 2575 2577 2589 2582 2599 2608 2614 2614 2650 2648 6718 3496 2689 2679 2677 2678 2684 3095 2802 2764 2707 2696 2752 2787 2776 2781 2778 2776 2801 3014 2917 2890 2808 2844 2819 2809 2817 2843 2819 2827 2837 2830 2885 2870 2852 2885 2907 2890 2898 2905 2915 2962 2957 2953 2957 2977 3001 2993 3003 3011 3037 3014 3025 3026 3036 3043 3042 3094 3082 3299 3174 3102 3145 3106 3164 3162 3290 3222 3182 3183 3226 3254 3238 3287 3264 3258 3289 3299 3379 3313 3302 3299 3302 3309 3372 3367 3363 3334 3396 3381 3395 3384 3417 3404 3451 3442 3476 3494 4473 3914 3802 3714 3681 3652 3526 3524 3514 3503 3505 3518 3562 3556 3553 3552 3546 3558 3561 3608 3668 3681 3683 3765 3747 3722 3753 3773 3797 3793 3773 3801 3871 3867 3852 3814 3840 3828 3860 3866 3862 3865 3892 3888 3884 3893 4455 4132 3986 3927 3926 3914 3979 3927 3956 3938 4126 4115 3992 4093 4056 4013 4002 4004 4072 4105 4396 4186 4161 4156 4160 4175 4167 4175 4204 4197 4192 4300 4238 4268 4335 4342 4354 4382 4371 4441 4418 4458 5811 4875 4636 4582 4514 4513 4503 4484 4473 4503 4512 4524 4523 4544 4524 4550 4546 4544 4555 4629 4620 4597 4625 4818 4769 4701 4659 4660 4669 4663 4674 4690 4701 4731 4722 4706 4715 4745 4799 4814 4817 4825 4819 4861 4859 4938 4927 4881 4924 4890 4935 5147 5140 4964 4958 4942 4939 5024 4974 5013 4985 5008 5004 5093 5047 5067 5117 5139 5141 5303 5275 5254 5171 5147 5167 5150 5188 5183 5246 5198 5241 5267 5259 5268 5670 5662 5562 5344 5337 5451 5348 5360 5359 5366 5393 5432 5421 5429 5536 5522 5476 5462 5454 5493 5551 5541 5629 5577 5567 5593 5617 5649 5665 5774 5687 5737 5700 5756 5753 5785 5783 5793 5945 5860 5855 5850 5831 5828 5851 5927 5909 5888 5866 5926 5918 6441 5993 5977 5969 5947 5946 5990 5987 5991 6358 6158 6027 6025 6006 6013 6018 6099 6098 6043 6041 6070 6098 6130 6102 6101 6116 6141 6148 6152 6282 6281 6279 6244 6186 6189 6213 6271 6255 6263 6304 6291 6306 6334 6367 6366 6408 6391 6392 6399 6408 6417 6437 6433 6438 6605 6442 6563 6467 6465 6450 6539 6519 6522 6561 6549 6539 6553 6561 6570 6573 6572 6592 6610 6626 6696 6649 6710 8808 7433 6736 6721 6734 6724 6798 6791 6747 6759 6785 6796 7119 6807 6806 6802 7005 6966 6811 6807 6858 6821 6851 6866 6898 6897 6890 6975 6987 6975 6998 7002 7050 7005 7061 7055 7055 7057 7077 7062 7107 7087 7117 7109 7193 7144 7132 7154 7144 7155 7370 7349 7302 7234 7302 7354 7366 7428 7415 7426 7779 7592 7463 7440 7442 7563 7479 7463 7504 7494 7530 7559 7549 7577 7586 7660 7598 7748 7698 7677 7666 7668 7692 7679 7720 7712 7735 7722 7749 7763 7767 8038 7921 7875 7787 7829 7809 7791 7828 7854 7857 7898 7893 7912 7908 7901 7917 7916 8003 7975 7970 7924 7980 8008 8481 8394 8059 8049 8148 8132 8123 8086 8104 8105 8141 8137 8216 8173 8149 8161 8171 8178 8176 8175 8209 8253 8234 8285 8273 8282 8336 8325 8296 8309 8378 8362 8426 8403 8428 8452 8435 8475 8472 8606 8586 8556 8509 8542 8538 8579 8585 8579 8662 8638 8636 8613 8616 8627 8652 8641 8650 8653 8669 8666 8668 8740 8728 8679 8692 8736 8806 8799 8772 8799 9369 9171 9004 8889 8861 8821 8813 8859 8841 8833 8826 8858 8851 8876 8965 8916 8913 8949 9000 8987 9081 9027 9018 9017 9050 9044 9061 9065 9061 9130 9088 9087 9095 9135 9145 9313 9243 9191 9187 9174 9207 9227 9223 9261 9249 9307 9306 9298 9333 9333 9366 9671 9476 9419 9387 9431 9475 9468 9563 9560 9604 9563 9580 9569 9625 9607 9605 9616 9618 9666 9760 9750 9723 9702 9720 9711 9702 9712 9746 9752 9754 9798 9773 9769 9771 9788 9780 9795 9889 9823 9806 9799 9814 9925 9916 9961 9928 9969 
9765 2663 165 57 1 2 10 37 32 10 47 48 133 78 76 60 80 2572 1775 331 287 237 234 189 172 186 229 201 200 194 223 211 232 234 262 258 256 248 256 269 323 302 290 519 432 387 370 332 341 382 400 394 404 420 420 495 449 435 455 453 468 468 508 503 502 727 612 550 533 527 525 521 526 540 583 570 559 577 577 585 606 585 724 668 662 713 704 669 699 677 720 722 1679 1014 796 750 735 748 774 761 767 761 786 789 841 820 824 845 943 940 851 847 896 858 858 920 914 897 924 997 944 945 1011 1013 1337 1065 1051 1024 1058 1063 1084 1065 1065 1078 1247 1154 1110 1102 1118 1134 1124 1124 1139 1148 1200 1184 1156 1173 1181 1223 1215 1207 1215 1227 1328 1325 1260 1257 1254 1283 1271 1261 1276 1308 1301 1290 1320 1316 1316 1337 1572 1443 1374 1349 1342 1340 1369 1350 1349 1421 1398 1384 1392 1394 1406 1440 1475 1455 1452 1453 1466 1472 1480 1479 1557 1547 1539 1527 1501 1531 1545 1548 1550 1621 1616 1626 1750 1691 1690 1707 1692 1741 1741 1766 1754 1912 1787 1780 1779 1791 1879 1827 1820 1797 1798 1811 1852 1871 1872 1893 2403 1992 1914 1965 1955 1958 1985 2112 2092 2026 2005 1998 2065 2079 2072 2075 2105 2102 2102 2103 2243 2201 2175 2127 2115 2130 2148 2143 2142 2199 2212 2235 2234 2229 2394 2335 2273 2249 2274 2275 2320 2303 2275 2289 2277 2302 2316 2310 2354 2339 2398 2506 2419 2405 2409 2407 2474 2445 2421 2433 2450 2462 2454 2467 2491 2486 2492 2495 2501 2541 2538 2563 2553 2545 2549 2571 2610 2574 2572 2593 2575 2577 2589 2582 2599 2608 2614 2614 2650 2648 6718 3496 2689 2679 2677 2678 2684 3095 2802 2764 2707 2696 2752 2787 2776 2781 2778 2776 2801 3014 2917 2890 2808 2844 2819 2809 2817 2843 2819 2827 2837 2830 2885 2870 2852 2885 2907 2890 2898 2905 2915 2962 2957 2953 2957 2977 3001 2993 3003 3011 3037 3014 3025 3026 3036 3043 3042 3094 3082 3299 3174 3102 3145 3106 3164 3162 3290 3222 3182 3183 3226 3254 3238 3287 3264 3258 3289 3299 3379 3313 3302 3299 3302 3309 3372 3367 3363 3334 3396 3381 3395 3384 3417 3404 3451 3442 3476 3494 4473 3914 3802 3714 3681 3652 3526 3524 3514 3503 3505 3518 3562 3556 3553 3552 3546 3558 3561 3608 3668 3681 3683 3765 3747 3722 3753 3773 3797 3793 3773 3801 3871 3867 3852 3814 3840 3828 3860 3866 3862 3865 3892 3888 3884 3893 4455 4132 3986 3927 3926 3914 3979 3927 3956 3938 4126 4115 3992 4093 4056 4013 4002 4004 4072 4105 4396 4186 4161 4156 4160 4175 4167 4175 4204 4197 4192 4300 4238 4268 4335 4342 4354 4382 4371 4441 4418 4458 5811 4875 4636 4582 4514 4513 4503 4484 4473 4503 4512 4524 4523 4544 4524 4550 4546 4544 4555 4629 4620 4597 4625 4818 4769 4701 4659 4660 4669 4663 4674 4690 4701 4731 4722 4706 4715 4745 4799 4814 4817 4825 4819 4861 4859 4938 4927 4881 4924 4890 4935 5147 5140 4964 4958 4942 4939 5024 4974 5013 4985 5008 5004 5093 5047 5067 5117 5139 5141 5303 5275 5254 5171 5147 5167 5150 5188 5183 5246 5198 5241 5267 5259 5268 5670 5662 5562 5344 5337 5451 5348 5360 5359 5366 5393 5432 5421 5429 5536 5522 5476 5462 5454 5493 5551 5541 5629 5577 5567 5593 5617 5649 5665 5774 5687 5737 5700 5756 5753 5785 5783 5793 5945 5860 5855 5850 5831 5828 5851 5927 5909 5888 5866 5926 5918 6441 5993 5977 5969 5947 5946 5990 5987 5991 6358 6158 6027 6025 6006 6013 6018 6099 6098 6043 6041 6070 6098 6130 6102 6101 6116 6141 6148 6152 6282 6281 6279 6244 6186 6189 6213 6271 6255 6263 6304 6291 6306 6334 6367 6366 6408 6391 6392 6399 6408 6417 6437 6433 6438 6605 6442 6563 6467 6465 6450 6539 6519 6522 6561 6549 6539 6553 6561 6570 6573 6572 6592 6610 6626 6696 6649 6710 8808 7433 6736 6721 6734 6724 6798 6791 6747 6759 6785 6796 7119 6807 6806 6802 7005 6966 6811 6807 6858 6821 6851 6866 6898 6897 6890 6975 6987 6975 6998 7002 7050 7005 7061 7055 7055 7057 7077 7062 7107 7087 7117 7109 7193 7144 7132 7154 7144 7155 7370 7349 7302 7234 7302 7354 7366 7428 7415 7426 7779 7592 7463 7440 7442 7563 7479 7463 7504 7494 7530 7559 7549 7577 7586 7660 7598 7748 7698 7677 7666 7668 7692 7679 7720 7712 7735 7722 7749 7763 7767 8038 7921 7875 7787 7829 7809 7791 7828 7854 7857 7898 7893 7912 7908 7901 7917 7916 8003 7975 7970 7924 7980 8008 8481 8394 8059 8049 8148 8132 8123 8086 8104 8105 8141 8137 8216 8173 8149 8161 8171 8178 8176 8175 8209 8253 8234 8285 8273 8282 8336 8325 8296 8309 8378 8362 8426 8403 8428 8452 8435 8475 8472 8606 8586 8556 8509 8542 8538 8579 8585 8579 8662 8638 8636 8613 8616 8627 8652 8641 8650 8653 8669 8666 8668 8740 8728 8679 8692 8736 8806 8799 8772 8799 9369 9171 9004 8889 8861 8821 8813 8859 8841 8833 8826 8858 8851 8876 8965 8916 8913 8949 9000 8987 9081 9027 9018 9017 9050 9044 9061 9065 9061 9130 9088 9087 9095 9135 9145 9313 9243 9191 9187 9174 9207 9227 9223 9261 9249 9307 9306 9298 9333 9333 9366 9671 9476 9419 9387 9431 9475 9468 9563 9560 9604 9563 9580 9569 9625 9607 9605 9616 9618 9666 9760 9750 9723 9702 9720 9711 9702 9712 9746 9752 9754 9798 9773 9769 9771 9788 9780 9795 9889 9823 9806 9799 9814 9925 9916 9961 9928 9969 
9765 2663 165 57 1 2 10 37 32 10 47 48 133 78 76 60 80 2572 1775 331 287 237 234 189 172 186 229 201 200 194 223 211 232 234 262 258 256 248 256 269 323 302 290 519 432 387 370 332 341 382 400 394 404 420 420 495 449 435 455 453 468 468 508 503 502 727 612 550 533 527 525 521 526 540 583 570 559 577 577 585 606 585 724 668 662 713 704 669 699 677 720 722 1679 1014 796 750 735 748 774 761 767 761 786 789 841 820 824 845 943 940 851 847 896 858 858 920 914 897 924 997 944 945 1011 1013 1337 1065 1051 1024 1058 1063 1084 1065 1065 1078 1247 1154 1110 1102 1118 1134 1124 1124 1139 1148 1200 1184 1156 1173 1181 1223 1215 1207 1215 1227 1328 1325 1260 1257 1254 1283 1271 1261 1276 1308 1301 1290 1320 1316 1316 1337 1572 1443 1374 1349 1342 1340 1369 1350 1349 1421 1398 1384 1392 1394 1406 1440 1475 1455 1452 1453 1466 1472 1480 1479 1557 1547 1539 1527 1501 1531 1545 1548 1550 1621 1616 1626 1750 1691 1690 1707 1692 1741 1741 1766 1754 1912 1787 1780 1779 1791 1879 1827 1820 1797 1798 1811 1852 1871 1872 1893 2403 1992 1914 1965 1955 1958 1985 2112 2092 2026 2005 1998 2065 2079 2072 2075 2105 2102 2102 2103 2243 2201 2175 2127 2115 2130 2148 2143 2142 2199 2212 2235 2234 2229 2394 2335 2273 2249 2274 2275 2320 2303 2275 2289 2277 2302 2316 2310 2354 2339 2398 2506 2419 2405 2409 2407 2474 2445 2421 2433 2450 2462 2454 2467 2491 2486 2492 2495 2501 2541 2538 2563 2553 2545 2549 2571 2610 2574 2572 2593 2575 2577 2589 2582 2599 2608 2614 2614 2650 2648 6718 3496 2689 2679 2677 2678 2684 3095 2802 2764 2707 2696 2752 2787 2776 2781 2778 2776 2801 3014 2917 2890 2808 2844 2819 2809 2817 2843 2819 2827 2837 2830 2885 2870 2852 2885 2907 2890 2898 2905 2915 2962 2957 2953 2957 2977 3001 2993 3003 3011 3037 3014 3025 3026 3036 3043 3042 3094 3082 3299 3174 3102 3145 3106 3164 3162 3290 3222 3182 3183 3226 3254 3238 3287 3264 3258 3289 3299 3379 3313 3302 3299 3302 3309 3372 3367 3363 3334 3396 3381 3395 3384 3417 3404 3451 3442 3476 3494 4473 3914 3802 3714 3681 3652 3526 3524 3514 3503 3505 3518 3562 3556 3553 3552 3546 3558 3561 3608 3668 3681 3683 3765 3747 3722 3753 3773 3797 3793 3773 3801 3871 3867 3852 3814 3840 3828 3860 3866 3862 3865 3892 3888 3884 3893 4455 4132 3986 3927 3926 3914 3979 3927 3956 3938 4126 4115 3992 4093 4056 4013 4002 4004 4072 4105 4396 4186 4161 4156 4160 4175 4167 4175 4204 4197 4192 4300 4238 4268 4335 4342 4354 4382 4371 4441 4418 4458 5811 4875 4636 4582 4514 4513 4503 4484 4473 4503 4512 4524 4523 4544 4524 4550 4546 4544 4555 4629 4620 4597 4625 4818 4769 4701 4659 4660 4669 4663 4674 4690 4701 4731 4722 4706 4715 4745 4799 4814 4817 4825 4819 4861 4859 4938 4927 4881 4924 4890 4935 5147 5140 4964 4958 4942 4939 5024 4974 5013 4985 5008 5004 5093 5047 5067 5117 5139 5141 5303 5275 5254 5171 5147 5167 5150 5188 5183 5246 5198 5241 5267 5259 5268 5670 5662 5562 5344 5337 5451 5348 5360 5359 5366 5393 5432 5421 5429 5536 5522 5476 5462 5454 5493 5551 5541 5629 5577 5567 5593 5617 5649 5665 5774 5687 5737 5700 5756 5753 5785 5783 5793 5945 5860 5855 5850 5831 5828 5851 5927 5909 5888 5866 5926 5918 6441 5993 5977 5969 5947 5946 5990 5987 5991 6358 6158 6027 6025 6006 6013 6018 6099 6098 6043 6041 6070 6098 6130 6102 6101 6116 6141 6148 6152 6282 6281 6279 6244 6186 6189 6213 6271 6255 6263 6304 6291 6306 6334 6367 6366 6408 6391 6392 6399 6408 6417 6437 6433 6438 6605 6442 6563 6467 6465 6450 6539 6519 6522 6561 6549 6539 6553 6561 6570 6573 6572 6592 6610 6626 6696 6649 6710 8808 7433 6736 6721 6734 6724 6798 6791 6747 6759 6785 6796 7119 6807 6806 6802 7005 6966 6811 6807 6858 6821 6851 6866 6898 6897 6890 6975 6987 6975 6998 7002 7050 7005 7061 7055 7055 7057 7077 7062 7107 7087 7117 7109 7193 7144 7132 7154 7144 7155 7370 7349 7302 7234 7302 7354 7366 7428 7415 7426 7779 7592 7463 7440 7442 7563 7479 7463 7504 7494 7530 7559 7549 7577 7586 7660 7598 7748 7698 7677 7666 7668 7692 7679 7720 7712 7735 7722 7749 7763 7767 8038 7921 7875 7787 7829 7809 7791 7828 7854 7857 7898 7893 7912 7908 7901 7917 7916 8003 7975 7970 7924 7980 8008 8481 8394 8059 8049 8148 8132 8123 8086 8104 8105 8141 8137 8216 8173 8149 8161 8171 8178 8176 8175 8209 8253 8234 8285 8273 8282 8336 8325 8296 8309 8378 8362 8426 8403 8428 8452 8435 8475 8472 8606 8586 8556 8509 8542 8538 8579 8585 8579 8662 8638 8636 8613 8616 8627 8652 8641 8650 8653 8669 8666 8668 8740 8728 8679 8692 8736 8806 8799 8772 8799 9369 9171 9004 8889 8861 8821 8813 8859 8841 8833 8826 8858 8851 8876 8965 8916 8913 8949 9000 8987 9081 9027 9018 9017 9050 9044 9061 9065 9061 9130 9088 9087 9095 9135 9145 9313 9243 9191 9187 9174 9207 9227 9223 9261 9249 9307 9306 9298 9333 9333 9366 9671 9476 9419 9387 9431 9475 9468 9563 9560 9604 9563 9580 9569 9625 9607 9605 9616 9618 9666 9760 9750 9723 9702 9720 9711 9702 9712 9746 9752 9754 9798 9773 9769 9771 9788 9780 9795 9889 9823 9806 9799 9814 9925 9916 9961 9928 9969 
1 2 10 10 32 37 47 48 57 60 76 78 80 133 165 172 186 189 194 200 201 211 223 229 232 234 234 237 248 256 256 258 262 269 287 290 302 323 331 332 341 370 382 387 394 400 404 420 420 432 435 449 453 455 468 468 495 502 503 508 519 521 525 526 527 533 540 550 559 570 577 577 583 585 585 606 612 662 668 669 677 699 704 713 720 722 724 727 735 748 750 761 761 767 774 786 789 796 820 824 841 845 847 851 858 858 896 897 914 920 924 940 943 944 945 997 1011 1013 1014 1024 1051 1058 1063 1065 1065 1065 1078 1084 1102 1110 1118 1124 1124 1134 1139 1148 1154 1156 1173 1181 1184 1200 1207 1215 1215 1223 1227 1247 1254 1257 1260 1261 1271 1276 1283 1290 1301 1308 1316 1316 1320 1325 1328 1337 1337 1340 1342 1349 1349 1350 1369 1374 1384 1392 1394 1398 1406 1421 1440 1443 1452 1453 1455 1466 1472 1475 1479 1480 1501 1527 1531 1539 1545 1547 1548 1550 1557 1572 1616 1621 1626 1679 1690 1691 1692 1707 1741 1741 1750 1754 1766 1775 1779 1780 1787 1791 1797 1798 1811 1820 1827 1852 1871 1872 1879 1893 1912 1914 1955 1958 1965 1985 1992 1998 2005 2026 2065 2072 2075 2079 2092 2102 2102 2103 2105 2112 2115 2127 2130 2142 2143 2148 2175 2199 2201 2212 2229 2234 2235 2243 2249 2273 2274 2275 2275 2277 2289 2302 2303 2310 2316 2320 2335 2339 2354 2394 2398 2403 2405 2407 2409 2419 2421 2433 2445 2450 2454 2462 2467 2474 2486 2491 2492 2495 2501 2506 2538 2541 2545 2549 2553 2563 2571 2572 2572 2574 2575 2577 2582 2589 2593 2599 2608 2610 2614 2614 2648 2650 2663 2677 2678 2679 2684 2689 2696 2707 2752 2764 2776 2776 2778 2781 2787 2801 2802 2808 2809 2817 2819 2819 2827 2830 2837 2843 2844 2852 2870 2885 2885 2890 2890 2898 2905 2907 2915 2917 2953 2957 2957 2962 2977 2993 3001 3003 3011 3014 3014 3025 3026 3036 3037 3042 3043 3082 3094 3095 3102 3106 3145 3162 3164 3174 3182 3183 3222 3226 3238 3254 3258 3264 3287 3289 3290 3299 3299 3299 3302 3302 3309 3313 3334 3363 3367 3372 3379 3381 3384 3395 3396 3404 3417 3442 3451 3476 3494 3496 3503 3505 3514 3518 3524 3526 3546 3552 3553 3556 3558 3561 3562 3608 3652 3668 3681 3681 3683 3714 3722 3747 3753 3765 3773 3773 3793 3797 3801 3802 3814 3828 3840 3852 3860 3862 3865 3866 3867 3871 3884 3888 3892 3893 3914 3914 3926 3927 3927 3938 3956 3979 3986 3992 4002 4004 4013 4056 4072 4093 4105 4115 4126 4132 4156 4160 4161 4167 4175 4175 4186 4192 4197 4204 4238 4268 4300 4335 4342 4354 4371 4382 4396 4418 4441 4455 4458 4473 4473 4484 4503 4503 4512 4513 4514 4523 4524 4524 4544 4544 4546 4550 4555 4582 4597 4620 4625 4629 4636 4659 4660 4663 4669 4674 4690 4701 4701 4706 4715 4722 4731 4745 4769 4799 4814 4817 4818 4819 4825 4859 4861 4875 4881 4890 4924 4927 4935 4938 4939 4942 4958 4964 4974 4985 5004 5008 5013 5024 5047 5067 5093 5117 5139 5140 5141 5147 5147 5150 5167 5171 5183 5188 5198 5241 5246 5254 5259 5267 5268 5275 5303 5337 5344 5348 5359 5360 5366 5393 5421 5429 5432 5451 5454 5462 5476 5493 5522 5536 5541 5551 5562 5567 5577 5593 5617 5629 5649 5662 5665 5670 5687 5700 5737 5753 5756 5774 5783 5785 5793 5811 5828 5831 5850 5851 5855 5860 5866 5888 5909 5918 5926 5927 5945 5946 5947 5969 5977 5987 5990 5991 5993 6006 6013 6018 6025 6027 6041 6043 6070 6098 6098 6099 6101 6102 6116 6130 6141 6148 6152 6158 6186 6189 6213 6244 6255 6263 6271 6279 6281 6282 6291 6304 6306 6334 6358 6366 6367 6391 6392 6399 6408 6408 6417 6433 6437 6438 6441 6442 6450 6465 6467 6519 6522 6539 6539 6549 6553 6561 6561 6563 6570 6572 6573 6592 6605 6610 6626 6649 6696 6710 6718 6721 6724 6734 6736 6747 6759 6785 6791 6796 6798 6802 6806 6807 6807 6811 6821 6851 6858 6866 6890 6897 6898 6966 6975 6975 6987 6998 7002 7005 7005 7050 7055 7055 7057 7061 7062 7077 7087 7107 7109 7117 7119 7132 7144 7144 7154 7155 7193 7234 7302 7302 7349 7354 7366 7370 7415 7426 7428 7433 7440 7442 7463 7463 7479 7494 7504 7530 7549 7559 7563 7577 7586 7592 7598 7660 7666 7668 7677 7679 7692 7698 7712 7720 7722 7735 7748 7749 7763 7767 7779 7787 7791 7809 7828 7829 7854 7857 7875 7893 7898 7901 7908 7912 7916 7917 7921 7924 7970 7975 7980 8003 8008 8038 8049 8059 8086 8104 8105 8123 8132 8137 8141 8148 8149 8161 8171 8173 8175 8176 8178 8209 8216 8234 8253 8273 8282 8285 8296 8309 8325 8336 8362 8378 8394 8403 8426 8428 8435 8452 8472 8475 8481 8509 8538 8542 8556 8579 8579 8585 8586 8606 8613 8616 8627 8636 8638 8641 8650 8652 8653 8662 8666 8668 8669 8679 8692 8728 8736 8740 8772 8799 8799 8806 8808 8813 8821 8826 8833 8841 8851 8858 8859 8861 8876 8889 8913 8916 8949 8965 8987 9000 9004 9017 9018 9027 9044 9050 9061 9061 9065 9081 9087 9088 9095 9130 9135 9145 9171 9174 9187 9191 9207 9223 9227 9243 9249 9261 9298 9306 9307 9313 9333 9333 9366 9369 9387 9419 9431 9468 9475 9476 9560 9563 9563 9569 9580 9604 9605 9607 9616 9618 9625 9666 9671 9702 9702 9711 9712 9720 9723 9746 9750 9752 9754 9760 9765 9769 9771 9773 9780 9788 9795 9798 9799 9806 9814 9823 9889 9916 9925 9928 9961 9969 
1 2 10 10 32 37 47 48 57 60 76 78 80 133 165 172 186 189 194 200 201 211 223 229 232 234 234 237 248 256 256 258 262 269 287 290 302 323 331 332 341 370 382 387 394 400 404 420 420 432 435 449 453 455 468 468 495 502 503 508 519 521 525 526 527 533 540 550 559 570 577 577 583 585 585 606 612 662 668 669 677 699 704 713 720 722 724 727 735 748 750 761 761 767 774 786 789 796 820 824 841 845 847 851 858 858 896 897 914 920 924 940 943 944 945 997 1011 1013 1014 1024 1051 1058 1063 1065 1065 1065 1078 1084 1102 1110 1118 1124 1124 1134 1139 1148 1154 1156 1173 1181 1184 1200 1207 1215 1215 1223 1227 1247 1254 1257 1260 1261 1271 1276 1283 1290 1301 1308 1316 1316 1320 1325 1328 1337 1337 1340 1342 1349 1349 1350 1369 1374 1384 1392 1394 1398 1406 1421 1440 1443 1452 1453 1455 1466 1472 1475 1479 1480 1501 1527 1531 1539 1545 1547 1548 1550 1557 1572 1616 1621 1626 1679 1690 1691 1692 1707 1741 1741 1750 1754 1766 1775 1779 1780 1787 1791 1797 1798 1811 1820 1827 1852 1871 1872 1879 1893 1912 1914 1955 1958 1965 1985 1992 1998 2005 2026 2065 2072 2075 2079 2092 2102 2102 2103 2105 2112 2115 2127 2130 2142 2143 2148 2175 2199 2201 2212 2229 2234 2235 2243 2249 2273 2274 2275 2275 2277 2289 2302 2303 2310 2316 2320 2335 2339 2354 2394 2398 2403 2405 2407 2409 2419 2421 2433 2445 2450 2454 2462 2467 2474 2486 2491 2492 2495 2501 2506 2538 2541 2545 2549 2553 2563 2571 2572 2572 2574 2575 2577 2582 2589 2593 2599 2608 2610 2614 2614 2648 2650 2663 2677 2678 2679 2684 2689 2696 2707 2752 2764 2776 2776 2778 2781 2787 2801 2802 2808 2809 2817 2819 2819 2827 2830 2837 2843 2844 2852 2870 2885 2885 2890 2890 2898 2905 2907 2915 2917 2953 2957 2957 2962 2977 2993 3001 3003 3011 3014 3014 3025 3026 3036 3037 3042 3043 3082 3094 3095 3102 3106 3145 3162 3164 3174 3182 3183 3222 3226 3238 3254 3258 3264 3287 3289 3290 3299 3299 3299 3302 3302 3309 3313 3334 3363 3367 3372 3379 3381 3384 3395 3396 3404 3417 3442 3451 3476 3494 3496 3503 3505 3514 3518 3524 3526 3546 3552 3553 3556 3558 3561 3562 3608 3652 3668 3681 3681 3683 3714 3722 3747 3753 3765 3773 3773 3793 3797 3801 3802 3814 3828 3840 3852 3860 3862 3865 3866 3867 3871 3884 3888 3892 3893 3914 3914 3926 3927 3927 3938 3956 3979 3986 3992 4002 4004 4013 4056 4072 4093 4105 4115 4126 4132 4156 4160 4161 4167 4175 4175 4186 4192 4197 4204 4238 4268 4300 4335 4342 4354 4371 4382 4396 4418 4441 4455 4458 4473 4473 4484 4503 4503 4512 4513 4514 4523 4524 4524 4544 4544 4546 4550 4555 4582 4597 4620 4625 4629 4636 4659 4660 4663 4669 4674 4690 4701 4701 4706 4715 4722 4731 4745 4769 4799 4814 4817 4818 4819 4825 4859 4861 4875 4881 4890 4924 4927 4935 4938 4939 4942 4958 4964 4974 4985 5004 5008 5013 5024 5047 5067 5093 5117 5139 5140 5141 5147 5147 5150 5167 5171 5183 5188 5198 5241 5246 5254 5259 5267 5268 5275 5303 5337 5344 5348 5359 5360 5366 5393 5421 5429 5432 5451 5454 5462 5476 5493 5522 5536 5541 5551 5562 5567 5577 5593 5617 5629 5649 5662 5665 5670 5687 5700 5737 5753 5756 5774 5783 5785 5793 5811 5828 5831 5850 5851 5855 5860 5866 5888 5909 5918 5926 5927 5945 5946 5947 5969 5977 5987 5990 5991 5993 6006 6013 6018 6025 6027 6041 6043 6070 6098 6098 6099 6101 6102 6116 6130 6141 6148 6152 6158 6186 6189 6213 6244 6255 6263 6271 6279 6281 6282 6291 6304 6306 6334 6358 6366 6367 6391 6392 6399 6408 6408 6417 6433 6437 6438 6441 6442 6450 6465 6467 6519 6522 6539 6539 6549 6553 6561 6561 6563 6570 6572 6573 6592 6605 6610 6626 6649 6696 6710 6718 6721 6724 6734 6736 6747 6759 6785 6791 6796 6798 6802 6806 6807 6807 6811 6821 6851 6858 6866 6890 6897 6898 6966 6975 6975 6987 6998 7002 7005 7005 7050 7055 7055 7057 7061 7062 7077 7087 7107 7109 7117 7119 7132 7144 7144 7154 7155 7193 7234 7302 7302 7349 7354 7366 7370 7415 7426 7428 7433 7440 7442 7463 7463 7479 7494 7504 7530 7549 7559 7563 7577 7586 7592 7598 7660 7666 7668 7677 7679 7692 7698 7712 7720 7722 7735 7748 7749 7763 7767 7779 7787 7791 7809 7828 7829 7854 7857 7875 7893 7898 7901 7908 7912 7916 7917 7921 7924 7970 7975 7980 8003 8008 8038 8049 8059 8086 8104 8105 8123 8132 8137 8141 8148 8149 8161 8171 8173 8175 8176 8178 8209 8216 8234 8253 8273 8282 8285 8296 8309 8325 8336 8362 8378 8394 8403 8426 8428 8435 8452 8472 8475 8481 8509 8538 8542 8556 8579 8579 8585 8586 8606 8613 8616 8627 8636 8638 8641 8650 8652 8653 8662 8666 8668 8669 8679 8692 8728 8736 8740 8772 8799 8799 8806 8808 8813 8821 8826 8833 8841 8851 8858 8859 8861 8876 8889 8913 8916 8949 8965 8987 9000 9004 9017 9018 9027 9044 9050 9061 9061 9065 9081 9087 9088 9095 9130 9135 9145 9171 9174 9187 9191 9207 9223 9227 9243 9249 9261 9298 9306 9307 9313 9333 9333 9366 9369 9387 9419 9431 9468 9475 9476 9560 9563 9563 9569 9580 9604 9605 9607 9616 9618 9625 9666 9671 9702 9702 9711 9712 9720 9723 9746 9750 9752 9754 9760 9765 9769 9771 9773 9780 9788 9795 9798 9799 9806 9814 9823 9889 9916 9925 9928 9961 9969 
1 2 10 10 32 37 47 48 57 60 76 78 80 133 165 172 186 189 194 200 201 211 223 229 232 234 234 237 248 256 256 258 262 269 287 290 302 323 331 332 341 370 382 387 394 400 404 420 420 432 435 449 453 455 468 468 495 502 503 508 519 521 525 526 527 533 540 550 559 570 577 577 583 585 585 606 612 662 668 669 677 699 704 713 720 722 724 727 735 748 750 761 761 767 774 786 789 796 820 824 841 845 847 851 858 858 896 897 914 920 924 940 943 944 945 997 1011 1013 1014 1024 1051 1058 1063 1065 1065 1065 1078 1084 1102 1110 1118 1124 1124 1134 1139 1148 1154 1156 1173 1181 1184 1200 1207 1215 1215 1223 1227 1247 1254 1257 1260 1261 1271 1276 1283 1290 1301 1308 1316 1316 1320 1325 1328 1337 1337 1340 1342 1349 1349 1350 1369 1374 1384 1392 1394 1398 1406 1421 1440 1443 1452 1453 1455 1466 1472 1475 1479 1480 1501 1527 1531 1539 1545 1547 1548 1550 1557 1572 1616 1621 1626 1679 1690 1691 1692 1707 1741 1741 1750 1754 1766 1775 1779 1780 1787 1791 1797 1798 1811 1820 1827 1852 1871 1872 1879 1893 1912 1914 1955 1958 1965 1985 1992 1998 2005 2026 2065 2072 2075 2079 2092 2102 2102 2103 2105 2112 2115 2127 2130 2142 2143 2148 2175 2199 2201 2212 2229 2234 2235 2243 2249 2273 2274 2275 2275 2277 2289 2302 2303 2310 2316 2320 2335 2339 2354 2394 2398 2403 2405 2407 2409 2419 2421 2433 2445 2450 2454 2462 2467 2474 2486 2491 2492 2495 2501 2506 2538 2541 2545 2549 2553 2563 2571 2572 2572 2574 2575 2577 2582 2589 2593 2599 2608 2610 2614 2614 2648 2650 2663 2677 2678 2679 2684 2689 2696 2707 2752 2764 2776 2776 2778 2781 2787 2801 2802 2808 2809 2817 2819 2819 2827 2830 2837 2843 2844 2852 2870 2885 2885 2890 2890 2898 2905 2907 2915 2917 2953 2957 2957 2962 2977 2993 3001 3003 3011 3014 3014 3025 3026 3036 3037 3042 3043 3082 3094 3095 3102 3106 3145 3162 3164 3174 3182 3183 3222 3226 3238 3254 3258 3264 3287 3289 3290 3299 3299 3299 3302 3302 3309 3313 3334 3363 3367 3372 3379 3381 3384 3395 3396 3404 3417 3442 3451 3476 3494 3496 3503 3505 3514 3518 3524 3526 3546 3552 3553 3556 3558 3561 3562 3608 3652 3668 3681 3681 3683 3714 3722 3747 3753 3765 3773 3773 3793 3797 3801 3802 3814 3828 3840 3852 3860 3862 3865 3866 3867 3871 3884 3888 3892 3893 3914 3914 3926 3927 3927 3938 3956 3979 3986 3992 4002 4004 4013 4056 4072 4093 4105 4115 4126 4132 4156 4160 4161 4167 4175 4175 4186 4192 4197 4204 4238 4268 4300 4335 4342 4354 4371 4382 4396 4418 4441 4455 4458 4473 4473 4484 4503 4503 4512 4513 4514 4523 4524 4524 4544 4544 4546 4550 4555 4582 4597 4620 4625 4629 4636 4659 4660 4663 4669 4674 4690 4701 4701 4706 4715 4722 4731 4745 4769 4799 4814 4817 4818 4819 4825 4859 4861 4875 4881 4890 4924 4927 4935 4938 4939 4942 4958 4964 4974 4985 5004 5008 5013 5024 5047 5067 5093 5117 5139 5140 5141 5147 5147 5150 5167 5171 5183 5188 5198 5241 5246 5254 5259 5267 5268 5275 5303 5337 5344 5348 5359 5360 5366 5393 5421 5429 5432 5451 5454 5462 5476 5493 5522 5536 5541 5551 5562 5567 5577 5593 5617 5629 5649 5662 5665 5670 5687 5700 5737 5753 5756 5774 5783 5785 5793 5811 5828 5831 5850 5851 5855 5860 5866 5888 5909 5918 5926 5927 5945 5946 5947 5969 5977 5987 5990 5991 5993 6006 6013 6018 6025 6027 6041 6043 6070 6098 6098 6099 6101 6102 6116 6130 6141 6148 6152 6158 6186 6189 6213 6244 6255 6263 6271 6279 6281 6282 6291 6304 6306 6334 6358 6366 6367 6391 6392 6399 6408 6408 6417 6433 6437 6438 6441 6442 6450 6465 6467 6519 6522 6539 6539 6549 6553 6561 6561 6563 6570 6572 6573 6592 6605 6610 6626 6649 6696 6710 6718 6721 6724 6734 6736 6747 6759 6785 6791 6796 6798 6802 6806 6807 6807 6811 6821 6851 6858 6866 6890 6897 6898 6966 6975 6975 6987 6998 7002 7005 7005 7050 7055 7055 7057 7061 7062 7077 7087 7107 7109 7117 7119 7132 7144 7144 7154 7155 7193 7234 7302 7302 7349 7354 7366 7370 7415 7426 7428 7433 7440 7442 7463 7463 7479 7494 7504 7530 7549 7559 7563 7577 7586 7592 7598 7660 7666 7668 7677 7679 7692 7698 7712 7720 7722 7735 7748 7749 7763 7767 7779 7787 7791 7809 7828 7829 7854 7857 7875 7893 7898 7901 7908 7912 7916 7917 7921 7924 7970 7975 7980 8003 8008 8038 8049 8059 8086 8104 8105 8123 8132 8137 8141 8148 8149 8161 8171 8173 8175 8176 8178 8209 8216 8234 8253 8273 8282 8285 8296 8309 8325 8336 8362 8378 8394 8403 8426 8428 8435 8452 8472 8475 8481 8509 8538 8542 8556 8579 8579 8585 8586 8606 8613 8616 8627 8636 8638 8641 8650 8652 8653 8662 8666 8668 8669 8679 8692 8728 8736 8740 8772 8799 8799 8806 8808 8813 8821 8826 8833 8841 8851 8858 8859 8861 8876 8889 8913 8916 8949 8965 8987 9000 9004 9017 9018 9027 9044 9050 9061 9061 9065 9081 9087 9088 9095 9130 9135 9145 9171 9174 9187 9191 9207 9223 9227 9243 9249 9261 9298 9306 9307 9313 9333 9333 9366 9369 9387 9419 9431 9468 9475 9476 9560 9563 9563 9569 9580 9604 9605 9607 9616 9618 9625 9666 9671 9702 9702 9711 9712 9720 9723 9746 9750 9752 9754 9760 9765 9769 9771 9773 9780 9788 9795 9798 9799 9806 9814 9823 9889 9916 9925 9928 9961 9969 
10 32 48 47 37 10 2 1 60 76 80 78 133 57 186 172 194 200 211 223 201 232 229 189 234 234 248 256 256 258 269 262 237 290 302 323 287 341 332 382 370 394 420 420 404 400 387 435 453 468 468 455 449 502 503 508 495 432 521 526 525 527 540 533 559 577 577 570 585 606 585 583 550 662 677 699 669 704 722 720 713 668 724 612 748 735 761 767 761 789 786 774 750 824 820 847 858 858 897 914 924 920 896 851 940 945 944 1013 1011 997 943 845 841 796 1024 1063 1058 1051 1078 1065 1065 1102 1124 1124 1148 1139 1134 1118 1110 1181 1173 1156 1184 1207 1215 1215 1227 1223 1200 1154 1254 1257 1261 1276 1271 1290 1301 1316 1316 1320 1308 1283 1260 1325 1328 1247 1084 1065 1340 1342 1349 1350 1369 1349 1394 1392 1384 1406 1398 1440 1421 1374 1453 1452 1472 1466 1455 1479 1501 1531 1527 1545 1539 1550 1548 1547 1557 1480 1475 1443 1616 1626 1621 1572 1337 1337 1014 1690 1692 1741 1741 1707 1691 1754 1766 1750 1679 727 519 331 1779 1780 1811 1798 1797 1820 1872 1871 1852 1827 1893 1879 1791 1787 1958 1955 1985 1965 1914 1998 2005 2075 2072 2079 2065 2026 2103 2102 2102 2105 2092 2115 2142 2143 2148 2130 2127 2199 2175 2229 2234 2235 2212 2201 2249 2277 2302 2289 2275 2310 2316 2303 2320 2275 2274 2273 2339 2354 2335 2398 2394 2243 2112 1992 2407 2409 2405 2433 2421 2454 2467 2462 2450 2445 2486 2501 2495 2492 2491 2474 2419 2538 2549 2545 2553 2571 2563 2541 2506 2403 1912 1775 2572 2582 2589 2577 2575 2608 2599 2593 2574 2648 2650 2614 2614 2610 2572 165 2678 2677 2684 2679 2696 2752 2707 2776 2778 2781 2776 2801 2787 2764 2817 2809 2830 2837 2827 2819 2843 2819 2852 2870 2885 2885 2844 2808 2905 2898 2890 2915 2907 2890 2953 2957 2957 2993 3011 3003 3001 2977 2962 2917 3036 3026 3025 3014 3042 3082 3094 3043 3037 3014 2802 3106 3162 3164 3145 3102 3183 3182 3238 3258 3264 3289 3287 3254 3226 3222 3290 3174 3299 3309 3302 3302 3334 3363 3367 3372 3313 3384 3395 3381 3404 3442 3494 3476 3451 3417 3396 3379 3299 3299 3095 2689 3505 3503 3518 3514 3524 3546 3552 3553 3561 3558 3556 3608 3562 3526 3668 3652 3683 3681 3681 3722 3753 3747 3773 3793 3801 3797 3773 3765 3714 3828 3840 3814 3865 3862 3866 3860 3852 3867 3884 3888 3893 3892 3871 3802 3914 3926 3938 3956 3927 3979 3927 4004 4002 4013 4072 4056 4105 4093 3992 4115 4126 3986 4160 4156 4167 4175 4175 4161 4192 4197 4268 4238 4371 4382 4354 4342 4335 4300 4204 4186 4418 4441 4396 4132 4458 4455 3914 4473 4484 4512 4503 4503 4513 4523 4524 4544 4546 4555 4550 4544 4524 4514 4597 4625 4620 4629 4582 4663 4690 4674 4669 4660 4659 4715 4706 4722 4745 4731 4701 4701 4817 4814 4799 4769 4819 4859 4861 4825 4818 4636 4890 4924 4881 4935 4927 4939 4942 4958 5004 5008 4985 5013 4974 5067 5047 5139 5117 5093 5024 4964 5141 5140 5150 5167 5147 5183 5241 5198 5246 5188 5171 5259 5268 5267 5254 5275 5337 5359 5429 5421 5432 5393 5366 5360 5348 5454 5462 5493 5476 5522 5541 5551 5536 5451 5344 5567 5617 5593 5577 5649 5629 5562 5665 5662 5700 5753 5756 5737 5687 5783 5793 5785 5774 5670 5303 5147 4938 4875 5828 5831 5851 5850 5855 5866 5888 5918 5926 5909 5927 5860 5946 5947 5969 5987 5991 5990 5977 6018 6013 6006 6025 6041 6070 6043 6098 6098 6101 6116 6102 6152 6148 6141 6130 6099 6027 6213 6189 6186 6263 6255 6271 6244 6279 6281 6291 6334 6306 6304 6282 6158 6366 6399 6392 6391 6433 6438 6437 6417 6408 6408 6367 6358 5993 6450 6465 6522 6519 6539 6553 6549 6561 6561 6539 6467 6572 6592 6573 6570 6563 6442 6649 6710 6696 6626 6610 6605 6441 5945 5811 4473 3496 6724 6734 6721 6785 6759 6747 6796 6791 6802 6806 6807 6851 6821 6890 6897 6898 6866 6858 6811 6975 7002 6998 6987 6975 6966 7005 7057 7055 7055 7062 7087 7109 7117 7107 7077 7061 7050 7005 6807 7132 7144 7155 7154 7144 7234 7302 7302 7366 7354 7349 7426 7415 7428 7370 7193 7119 6798 6736 7442 7440 7463 7494 7549 7559 7530 7504 7479 7586 7577 7563 7463 7598 7668 7666 7679 7692 7677 7712 7722 7735 7720 7698 7767 7763 7749 7748 7660 7592 7791 7828 7809 7857 7854 7829 7787 7893 7901 7908 7916 7917 7912 7898 7875 7924 7970 7980 7975 8008 8003 7921 8049 8105 8104 8086 8123 8137 8141 8132 8171 8161 8149 8175 8176 8209 8178 8173 8234 8282 8273 8309 8296 8325 8362 8378 8336 8285 8253 8216 8148 8059 8403 8435 8472 8475 8452 8428 8426 8394 8538 8542 8509 8579 8585 8579 8556 8586 8627 8616 8613 8636 8650 8641 8653 8652 8638 8668 8666 8692 8679 8736 8728 8772 8799 8799 8806 8740 8669 8662 8606 8481 8038 7779 7433 8813 8826 8833 8851 8858 8841 8859 8821 8876 8861 8913 8949 8916 8987 9000 8965 8889 9017 9018 9044 9061 9065 9061 9050 9027 9087 9095 9088 9145 9135 9130 9081 9004 9174 9187 9223 9227 9207 9191 9249 9298 9306 9307 9261 9243 9366 9333 9333 9313 9171 9387 9468 9475 9431 9419 9560 9569 9580 9563 9605 9618 9616 9607 9666 9625 9604 9563 9476 9702 9712 9711 9720 9702 9746 9723 9754 9752 9750 9760 9671 9369 8808 6718 2663 9771 9769 9780 9795 9788 9773 9799 9814 9806 9823 9916 9928 9969 9961 9925 9889 9798 9765 
10 32 48 47 37 10 2 1 60 76 80 78 133 57 186 172 194 200 211 223 201 232 229 189 234 234 248 256 256 258 269 262 237 290 302 323 287 341 332 382 370 394 420 420 404 400 387 435 453 468 468 455 449 502 503 508 495 432 521 526 525 527 540 533 559 577 577 570 585 606 585 583 550 662 677 699 669 704 722 720 713 668 724 612 748 735 761 767 761 789 786 774 750 824 820 847 858 858 897 914 924 920 896 851 940 945 944 1013 1011 997 943 845 841 796 1024 1063 1058 1051 1078 1065 1065 1102 1124 1124 1148 1139 1134 1118 1110 1181 1173 1156 1184 1207 1215 1215 1227 1223 1200 1154 1254 1257 1261 1276 1271 1290 1301 1316 1316 1320 1308 1283 1260 1325 1328 1247 1084 1065 1340 1342 1349 1350 1369 1349 1394 1392 1384 1406 1398 1440 1421 1374 1453 1452 1472 1466 1455 1479 1501 1531 1527 1545 1539 1550 1548 1547 1557 1480 1475 1443 1616 1626 1621 1572 1337 1337 1014 1690 1692 1741 1741 1707 1691 1754 1766 1750 1679 727 519 331 1779 1780 1811 1798 1797 1820 1872 1871 1852 1827 1893 1879 1791 1787 1958 1955 1985 1965 1914 1998 2005 2075 2072 2079 2065 2026 2103 2102 2102 2105 2092 2115 2142 2143 2148 2130 2127 2199 2175 2229 2234 2235 2212 2201 2249 2277 2302 2289 2275 2310 2316 2303 2320 2275 2274 2273 2339 2354 2335 2398 2394 2243 2112 1992 2407 2409 2405 2433 2421 2454 2467 2462 2450 2445 2486 2501 2495 2492 2491 2474 2419 2538 2549 2545 2553 2571 2563 2541 2506 2403 1912 1775 2572 2582 2589 2577 2575 2608 2599 2593 2574 2648 2650 2614 2614 2610 2572 165 2678 2677 2684 2679 2696 2752 2707 2776 2778 2781 2776 2801 2787 2764 2817 2809 2830 2837 2827 2819 2843 2819 2852 2870 2885 2885 2844 2808 2905 2898 2890 2915 2907 2890 2953 2957 2957 2993 3011 3003 3001 2977 2962 2917 3036 3026 3025 3014 3042 3082 3094 3043 3037 3014 2802 3106 3162 3164 3145 3102 3183 3182 3238 3258 3264 3289 3287 3254 3226 3222 3290 3174 3299 3309 3302 3302 3334 3363 3367 3372 3313 3384 3395 3381 3404 3442 3494 3476 3451 3417 3396 3379 3299 3299 3095 2689 3505 3503 3518 3514 3524 3546 3552 3553 3561 3558 3556 3608 3562 3526 3668 3652 3683 3681 3681 3722 3753 3747 3773 3793 3801 3797 3773 3765 3714 3828 3840 3814 3865 3862 3866 3860 3852 3867 3884 3888 3893 3892 3871 3802 3914 3926 3938 3956 3927 3979 3927 4004 4002 4013 4072 4056 4105 4093 3992 4115 4126 3986 4160 4156 4167 4175 4175 4161 4192 4197 4268 4238 4371 4382 4354 4342 4335 4300 4204 4186 4418 4441 4396 4132 4458 4455 3914 4473 4484 4512 4503 4503 4513 4523 4524 4544 4546 4555 4550 4544 4524 4514 4597 4625 4620 4629 4582 4663 4690 4674 4669 4660 4659 4715 4706 4722 4745 4731 4701 4701 4817 4814 4799 4769 4819 4859 4861 4825 4818 4636 4890 4924 4881 4935 4927 4939 4942 4958 5004 5008 4985 5013 4974 5067 5047 5139 5117 5093 5024 4964 5141 5140 5150 5167 5147 5183 5241 5198 5246 5188 5171 5259 5268 5267 5254 5275 5337 5359 5429 5421 5432 5393 5366 5360 5348 5454 5462 5493 5476 5522 5541 5551 5536 5451 5344 5567 5617 5593 5577 5649 5629 5562 5665 5662 5700 5753 5756 5737 5687 5783 5793 5785 5774 5670 5303 5147 4938 4875 5828 5831 5851 5850 5855 5866 5888 5918 5926 5909 5927 5860 5946 5947 5969 5987 5991 5990 5977 6018 6013 6006 6025 6041 6070 6043 6098 6098 6101 6116 6102 6152 6148 6141 6130 6099 6027 6213 6189 6186 6263 6255 6271 6244 6279 6281 6291 6334 6306 6304 6282 6158 6366 6399 6392 6391 6433 6438 6437 6417 6408 6408 6367 6358 5993 6450 6465 6522 6519 6539 6553 6549 6561 6561 6539 6467 6572 6592 6573 6570 6563 6442 6649 6710 6696 6626 6610 6605 6441 5945 5811 4473 3496 6724 6734 6721 6785 6759 6747 6796 6791 6802 6806 6807 6851 6821 6890 6897 6898 6866 6858 6811 6975 7002 6998 6987 6975 6966 7005 7057 7055 7055 7062 7087 7109 7117 7107 7077 7061 7050 7005 6807 7132 7144 7155 7154 7144 7234 7302 7302 7366 7354 7349 7426 7415 7428 7370 7193 7119 6798 6736 7442 7440 7463 7494 7549 7559 7530 7504 7479 7586 7577 7563 7463 7598 7668 7666 7679 7692 7677 7712 7722 7735 7720 7698 7767 7763 7749 7748 7660 7592 7791 7828 7809 7857 7854 7829 7787 7893 7901 7908 7916 7917 7912 7898 7875 7924 7970 7980 7975 8008 8003 7921 8049 8105 8104 8086 8123 8137 8141 8132 8171 8161 8149 8175 8176 8209 8178 8173 8234 8282 8273 8309 8296 8325 8362 8378 8336 8285 8253 8216 8148 8059 8403 8435 8472 8475 8452 8428 8426 8394 8538 8542 8509 8579 8585 8579 8556 8586 8627 8616 8613 8636 8650 8641 8653 8652 8638 8668 8666 8692 8679 8736 8728 8772 8799 8799 8806 8740 8669 8662 8606 8481 8038 7779 7433 8813 8826 8833 8851 8858 8841 8859 8821 8876 8861 8913 8949 8916 8987 9000 8965 8889 9017 9018 9044 9061 9065 9061 9050 9027 9087 9095 9088 9145 9135 9130 9081 9004 9174 9187 9223 9227 9207 9191 9249 9298 9306 9307 9261 9243 9366 9333 9333 9313 9171 9387 9468 9475 9431 9419 9560 9569 9580 9563 9605 9618 9616 9607 9666 9625 9604 9563 9476 9702 9712 9711 9720 9702 9746 9723 9754 9752 9750 9760 9671 9369 8808 6718 2663 9771 9769 9780 9795 9788 9773 9799 9814 9806 9823 9916 9928 9969 9961 9925 9889 9798 9765 
10 32 48 47 37 10 2 1 60 76 80 78 133 57 186 172 194 200 211 223 201 232 229 189 234 234 248 256 256 258 269 262 237 290 302 323 287 341 332 382 370 394 420 420 404 400 387 435 453 468 468 455 449 502 503 508 495 432 521 526 525 527 540 533 559 577 577 570 585 606 585 583 550 662 677 699 669 704 722 720 713 668 724 612 748 735 761 767 761 789 786 774 750 824 820 847 858 858 897 914 924 920 896 851 940 945 944 1013 1011 997 943 845 841 796 1024 1063 1058 1051 1078 1065 1065 1102 1124 1124 1148 1139 1134 1118 1110 1181 1173 1156 1184 1207 1215 1215 1227 1223 1200 1154 1254 1257 1261 1276 1271 1290 1301 1316 1316 1320 1308 1283 1260 1325 1328 1247 1084 1065 1340 1342 1349 1350 1369 1349 1394 1392 1384 1406 1398 1440 1421 1374 1453 1452 1472 1466 1455 1479 1501 1531 1527 1545 1539 1550 1548 1547 1557 1480 1475 1443 1616 1626 1621 1572 1337 1337 1014 1690 1692 1741 1741 1707 1691 1754 1766 1750 1679 727 519 331 1779 1780 1811 1798 1797 1820 1872 1871 1852 1827 1893 1879 1791 1787 1958 1955 1985 1965 1914 1998 2005 2075 2072 2079 2065 2026 2103 2102 2102 2105 2092 2115 2142 2143 2148 2130 2127 2199 2175 2229 2234 2235 2212 2201 2249 2277 2302 2289 2275 2310 2316 2303 2320 2275 2274 2273 2339 2354 2335 2398 2394 2243 2112 1992 2407 2409 2405 2433 2421 2454 2467 2462 2450 2445 2486 2501 2495 2492 2491 2474 2419 2538 2549 2545 2553 2571 2563 2541 2506 2403 1912 1775 2572 2582 2589 2577 2575 2608 2599 2593 2574 2648 2650 2614 2614 2610 2572 165 2678 2677 2684 2679 2696 2752 2707 2776 2778 2781 2776 2801 2787 2764 2817 2809 2830 2837 2827 2819 2843 2819 2852 2870 2885 2885 2844 2808 2905 2898 2890 2915 2907 2890 2953 2957 2957 2993 3011 3003 3001 2977 2962 2917 3036 3026 3025 3014 3042 3082 3094 3043 3037 3014 2802 3106 3162 3164 3145 3102 3183 3182 3238 3258 3264 3289 3287 3254 3226 3222 3290 3174 3299 3309 3302 3302 3334 3363 3367 3372 3313 3384 3395 3381 3404 3442 3494 3476 3451 3417 3396 3379 3299 3299 3095 2689 3505 3503 3518 3514 3524 3546 3552 3553 3561 3558 3556 3608 3562 3526 3668 3652 3683 3681 3681 3722 3753 3747 3773 3793 3801 3797 3773 3765 3714 3828 3840 3814 3865 3862 3866 3860 3852 3867 3884 3888 3893 3892 3871 3802 3914 3926 3938 3956 3927 3979 3927 4004 4002 4013 4072 4056 4105 4093 3992 4115 4126 3986 4160 4156 4167 4175 4175 4161 4192 4197 4268 4238 4371 4382 4354 4342 4335 4300 4204 4186 4418 4441 4396 4132 4458 4455 3914 4473 4484 4512 4503 4503 4513 4523 4524 4544 4546 4555 4550 4544 4524 4514 4597 4625 4620 4629 4582 4663 4690 4674 4669 4660 4659 4715 4706 4722 4745 4731 4701 4701 4817 4814 4799 4769 4819 4859 4861 4825 4818 4636 4890 4924 4881 4935 4927 4939 4942 4958 5004 5008 4985 5013 4974 5067 5047 5139 5117 5093 5024 4964 5141 5140 5150 5167 5147 5183 5241 5198 5246 5188 5171 5259 5268 5267 5254 5275 5337 5359 5429 5421 5432 5393 5366 5360 5348 5454 5462 5493 5476 5522 5541 5551 5536 5451 5344 5567 5617 5593 5577 5649 5629 5562 5665 5662 5700 5753 5756 5737 5687 5783 5793 5785 5774 5670 5303 5147 4938 4875 5828 5831 5851 5850 5855 5866 5888 5918 5926 5909 5927 5860 5946 5947 5969 5987 5991 5990 5977 6018 6013 6006 6025 6041 6070 6043 6098 6098 6101 6116 6102 6152 6148 6141 6130 6099 6027 6213 6189 6186 6263 6255 6271 6244 6279 6281 6291 6334 6306 6304 6282 6158 6366 6399 6392 6391 6433 6438 6437 6417 6408 6408 6367 6358 5993 6450 6465 6522 6519 6539 6553 6549 6561 6561 6539 6467 6572 6592 6573 6570 6563 6442 6649 6710 6696 6626 6610 6605 6441 5945 5811 4473 3496 6724 6734 6721 6785 6759 6747 6796 6791 6802 6806 6807 6851 6821 6890 6897 6898 6866 6858 6811 6975 7002 6998 6987 6975 6966 7005 7057 7055 7055 7062 7087 7109 7117 7107 7077 7061 7050 7005 6807 7132 7144 7155 7154 7144 7234 7302 7302 7366 7354 7349 7426 7415 7428 7370 7193 7119 6798 6736 7442 7440 7463 7494 7549 7559 7530 7504 7479 7586 7577 7563 7463 7598 7668 7666 7679 7692 7677 7712 7722 7735 7720 7698 7767 7763 7749 7748 7660 7592 7791 7828 7809 7857 7854 7829 7787 7893 7901 7908 7916 7917 7912 7898 7875 7924 7970 7980 7975 8008 8003 7921 8049 8105 8104 8086 8123 8137 8141 8132 8171 8161 8149 8175 8176 8209 8178 8173 8234 8282 8273 8309 8296 8325 8362 8378 8336 8285 8253 8216 8148 8059 8403 8435 8472 8475 8452 8428 8426 8394 8538 8542 8509 8579 8585 8579 8556 8586 8627 8616 8613 8636 8650 8641 8653 8652 8638 8668 8666 8692 8679 8736 8728 8772 8799 8799 8806 8740 8669 8662 8606 8481 8038 7779 7433 8813 8826 8833 8851 8858 8841 8859 8821 8876 8861 8913 8949 8916 8987 9000 8965 8889 9017 9018 9044 9061 9065 9061 9050 9027 9087 9095 9088 9145 9135 9130 9081 9004 9174 9187 9223 9227 9207 9191 9249 9298 9306 9307 9261 9243 9366 9333 9333 9313 9171 9387 9468 9475 9431 9419 9560 9569 9580 9563 9605 9618 9616 9607 9666 9625 9604 9563 9476 9702 9712 9711 9720 9702 9746 9723 9754 9752 9750 9760 9671 9369 8808 6718 2663 9771 9769 9780 9795 9788 9773 9799 9814 9806 9823 9916 9928 9969 9961 9925 9889 9798 9765 
9765 2663 9798 165 6718 9773 9889 57 2572 3496 8808 9769 9788 9823 9925 1 133 1775 2610 2689 4473 7433 9369 9771 9780 9795 9806 9916 9961 2 78 331 1912 2574 2614 2679 3095 3914 5811 6736 7779 9171 9671 9799 9814 9928 9969 10 76 80 287 519 1787 2403 2572 2593 2614 2677 2684 2802 3299 3802 4455 4875 5945 6721 6798 7592 8038 9004 9313 9476 9760 37 60 237 323 432 727 1780 1791 1992 2506 2575 2599 2650 2678 2764 3014 3174 3299 3714 3871 4132 4458 4636 4938 5860 6441 6734 6791 7119 7463 7660 7921 8481 8889 9081 9243 9333 9419 9563 9750 32 47 234 262 302 387 495 612 1679 1779 1879 1914 2112 2419 2541 2577 2608 2648 2707 2787 2917 3037 3102 3290 3379 3681 3765 3867 3892 3986 4396 4582 4818 4927 5147 5855 5927 5993 6605 6724 6747 6796 6807 7193 7440 7563 7598 7748 7875 8003 8394 8606 8861 8965 9027 9130 9191 9261 9333 9387 9431 9560 9604 9723 9752 10 48 189 234 258 269 290 370 400 449 508 550 724 1014 1750 1827 1893 1965 2092 2243 2405 2474 2538 2563 2589 2696 2752 2776 2801 2890 2962 3014 3043 3145 3222 3313 3396 3652 3681 3747 3773 3852 3888 3893 3927 4126 4186 4441 4514 4629 4769 4825 4881 4935 5140 5303 5850 5909 5977 6358 6442 6610 6759 6806 7005 7144 7370 7442 7479 7577 7698 7749 7787 7898 7975 8008 8059 8426 8586 8662 8821 8876 8916 9000 9018 9050 9088 9135 9187 9207 9249 9307 9366 9475 9563 9625 9702 9746 9754 172 229 256 332 382 394 404 435 455 503 533 583 668 796 1337 1691 1766 1820 1852 1955 1985 2026 2105 2201 2394 2409 2445 2491 2553 2571 2582 2781 2808 2907 2957 2977 3025 3042 3094 3106 3164 3182 3226 3302 3372 3381 3417 3526 3668 3683 3722 3753 3797 3814 3860 3884 3926 3979 4115 4161 4204 4418 4513 4524 4620 4701 4799 4819 4861 4924 4964 5141 5275 5670 5831 5851 5888 5926 5969 5990 6158 6367 6563 6626 6785 6802 6966 7050 7132 7154 7349 7428 7463 7504 7586 7677 7720 7763 7829 7893 7912 7970 7980 8049 8148 8403 8428 8556 8638 8669 8813 8859 8913 8949 8987 9017 9044 9061 9087 9095 9145 9174 9227 9306 9468 9580 9607 9666 9720 186 201 232 248 256 341 420 453 468 502 527 540 570 585 662 713 750 841 1065 1337 1690 1707 1754 1797 1871 1958 2005 2065 2102 2175 2212 2335 2398 2407 2421 2450 2486 2492 2545 2778 2844 2890 2915 2953 2957 3001 3026 3082 3162 3183 3254 3299 3302 3367 3395 3404 3451 3524 3562 3793 3801 3840 3866 3914 3927 3992 4156 4175 4197 4300 4503 4523 4544 4597 4625 4659 4701 4814 4859 4890 4958 5024 5254 5662 5774 5828 5866 5918 5947 5987 5991 6027 6282 6366 6408 6467 6570 6696 6811 6975 7005 7061 7144 7155 7302 7354 7415 7494 7530 7666 7692 7712 7735 7767 7809 7854 7908 7917 7924 8132 8216 8452 8509 8579 8636 8652 8666 8740 8841 9065 9223 9298 9569 9605 9616 9711 200 223 420 468 525 559 577 606 704 720 735 774 820 845 1051 1084 1572 1692 1741 1798 1872 1998 2079 2102 2127 2199 2235 2273 2354 2433 2462 2495 2549 2776 2819 2885 2898 2993 3003 3036 3238 3287 3309 3363 3384 3442 3476 3514 3556 3608 3773 3828 3862 3956 4093 4160 4167 4175 4192 4238 4335 4484 4503 4524 4550 4660 4731 4817 4942 4974 5093 5171 5267 5562 5665 5687 5785 5946 6025 6099 6281 6304 6391 6408 6465 6539 6573 6649 6710 6807 6858 6987 7055 7077 7234 7302 7366 7426 7559 7668 7679 7722 7791 7828 7857 7901 7916 8123 8141 8173 8253 8435 8475 8542 8585 8613 8641 8653 8668 8728 8806 8833 8858 9061 9618 9702 9712 194 211 521 526 577 585 669 722 748 761 786 824 943 1024 1058 1065 1247 1443 1621 1741 1811 2072 2103 2115 2130 2234 2249 2274 2339 2454 2467 2501 2809 2843 2870 2885 2905 3011 3264 3289 3334 3494 3503 3518 3553 3558 3865 3938 4056 4105 4268 4342 4473 4512 4546 4555 4669 4722 4745 4939 5013 5047 5117 5147 5188 5259 5268 5344 5629 5737 5783 5793 6006 6098 6130 6279 6291 6306 6392 6417 6450 6519 6561 6572 6592 6821 6866 6975 6998 7055 7062 7107 7549 8086 8137 8149 8178 8234 8285 8472 8538 8579 8616 8650 8679 8736 8799 8826 8851 699 767 789 940 997 1063 1065 1154 1328 1374 1475 1616 1626 2075 2148 2229 2275 2817 2819 2852 3258 3505 3552 3561 4013 4072 4354 4544 4663 4674 4706 4985 5067 5139 5167 5183 5246 5337 5451 5577 5649 5700 5756 6013 6043 6098 6102 6141 6244 6334 6399 6437 6522 6549 6561 6851 6898 7002 7057 7087 7117 8104 8161 8176 8209 8273 8336 8627 8692 8772 8799 677 761 851 944 1011 1078 1110 1200 1325 1349 1421 1455 1480 2143 2320 2827 3546 4002 4382 4690 4715 5008 5150 5198 5348 5536 5567 5593 5753 6018 6041 6070 6101 6116 6148 6186 6271 6433 6438 6539 6553 6897 7109 8105 8171 8175 8282 8325 8378 847 896 945 1013 1102 1118 1184 1223 1260 1342 1369 1398 1440 1452 1466 1479 1557 2142 2303 2837 4004 4371 5004 5241 5360 5522 5551 5617 6152 6189 6255 6890 8296 8362 858 920 1134 1156 1215 1227 1257 1283 1340 1350 1384 1406 1453 1472 1547 2275 2316 2830 5359 5366 5476 5541 6213 6263 8309 858 914 924 1124 1139 1173 1207 1215 1254 1271 1308 1349 1392 1539 1548 2289 2310 5393 5462 5493 897 1124 1148 1181 1261 1276 1301 1320 1394 1527 1545 1550 2277 2302 5432 5454 1290 1316 1501 1531 5421 1316 5429 
9765 2663 9798 165 6718 9773 9889 57 2572 3496 8808 9769 9788 9823 9925 1 133 1775 2610 2689 4473 7433 9369 9771 9780 9795 9806 9916 9961 2 78 331 1912 2574 2614 2679 3095 3914 5811 6736 7779 9171 9671 9799 9814 9928 9969 10 76 80 287 519 1787 2403 2572 2593 2614 2677 2684 2802 3299 3802 4455 4875 5945 6721 6798 7592 8038 9004 9313 9476 9760 37 60 237 323 432 727 1780 1791 1992 2506 2575 2599 2650 2678 2764 3014 3174 3299 3714 3871 4132 4458 4636 4938 5860 6441 6734 6791 7119 7463 7660 7921 8481 8889 9081 9243 9333 9419 9563 9750 32 47 234 262 302 387 495 612 1679 1779 1879 1914 2112 2419 2541 2577 2608 2648 2707 2787 2917 3037 3102 3290 3379 3681 3765 3867 3892 3986 4396 4582 4818 4927 5147 5855 5927 5993 6605 6724 6747 6796 6807 7193 7440 7563 7598 7748 7875 8003 8394 8606 8861 8965 9027 9130 9191 9261 9333 9387 9431 9560 9604 9723 9752 10 48 189 234 258 269 290 370 400 449 508 550 724 1014 1750 1827 1893 1965 2092 2243 2405 2474 2538 2563 2589 2696 2752 2776 2801 2890 2962 3014 3043 3145 3222 3313 3396 3652 3681 3747 3773 3852 3888 3893 3927 4126 4186 4441 4514 4629 4769 4825 4881 4935 5140 5303 5850 5909 5977 6358 6442 6610 6759 6806 7005 7144 7370 7442 7479 7577 7698 7749 7787 7898 7975 8008 8059 8426 8586 8662 8821 8876 8916 9000 9018 9050 9088 9135 9187 9207 9249 9307 9366 9475 9563 9625 9702 9746 9754 172 229 256 332 382 394 404 435 455 503 533 583 668 796 1337 1691 1766 1820 1852 1955 1985 2026 2105 2201 2394 2409 2445 2491 2553 2571 2582 2781 2808 2907 2957 2977 3025 3042 3094 3106 3164 3182 3226 3302 3372 3381 3417 3526 3668 3683 3722 3753 3797 3814 3860 3884 3926 3979 4115 4161 4204 4418 4513 4524 4620 4701 4799 4819 4861 4924 4964 5141 5275 5670 5831 5851 5888 5926 5969 5990 6158 6367 6563 6626 6785 6802 6966 7050 7132 7154 7349 7428 7463 7504 7586 7677 7720 7763 7829 7893 7912 7970 7980 8049 8148 8403 8428 8556 8638 8669 8813 8859 8913 8949 8987 9017 9044 9061 9087 9095 9145 9174 9227 9306 9468 9580 9607 9666 9720 186 201 232 248 256 341 420 453 468 502 527 540 570 585 662 713 750 841 1065 1337 1690 1707 1754 1797 1871 1958 2005 2065 2102 2175 2212 2335 2398 2407 2421 2450 2486 2492 2545 2778 2844 2890 2915 2953 2957 3001 3026 3082 3162 3183 3254 3299 3302 3367 3395 3404 3451 3524 3562 3793 3801 3840 3866 3914 3927 3992 4156 4175 4197 4300 4503 4523 4544 4597 4625 4659 4701 4814 4859 4890 4958 5024 5254 5662 5774 5828 5866 5918 5947 5987 5991 6027 6282 6366 6408 6467 6570 6696 6811 6975 7005 7061 7144 7155 7302 7354 7415 7494 7530 7666 7692 7712 7735 7767 7809 7854 7908 7917 7924 8132 8216 8452 8509 8579 8636 8652 8666 8740 8841 9065 9223 9298 9569 9605 9616 9711 200 223 420 468 525 559 577 606 704 720 735 774 820 845 1051 1084 1572 1692 1741 1798 1872 1998 2079 2102 2127 2199 2235 2273 2354 2433 2462 2495 2549 2776 2819 2885 2898 2993 3003 3036 3238 3287 3309 3363 3384 3442 3476 3514 3556 3608 3773 3828 3862 3956 4093 4160 4167 4175 4192 4238 4335 4484 4503 4524 4550 4660 4731 4817 4942 4974 5093 5171 5267 5562 5665 5687 5785 5946 6025 6099 6281 6304 6391 6408 6465 6539 6573 6649 6710 6807 6858 6987 7055 7077 7234 7302 7366 7426 7559 7668 7679 7722 7791 7828 7857 7901 7916 8123 8141 8173 8253 8435 8475 8542 8585 8613 8641 8653 8668 8728 8806 8833 8858 9061 9618 9702 9712 194 211 521 526 577 585 669 722 748 761 786 824 943 1024 1058 1065 1247 1443 1621 1741 1811 2072 2103 2115 2130 2234 2249 2274 2339 2454 2467 2501 2809 2843 2870 2885 2905 3011 3264 3289 3334 3494 3503 3518 3553 3558 3865 3938 4056 4105 4268 4342 4473 4512 4546 4555 4669 4722 4745 4939 5013 5047 5117 5147 5188 5259 5268 5344 5629 5737 5783 5793 6006 6098 6130 6279 6291 6306 6392 6417 6450 6519 6561 6572 6592 6821 6866 6975 6998 7055 7062 7107 7549 8086 8137 8149 8178 8234 8285 8472 8538 8579 8616 8650 8679 8736 8799 8826 8851 699 767 789 940 997 1063 1065 1154 1328 1374 1475 1616 1626 2075 2148 2229 2275 2817 2819 2852 3258 3505 3552 3561 4013 4072 4354 4544 4663 4674 4706 4985 5067 5139 5167 5183 5246 5337 5451 5577 5649 5700 5756 6013 6043 6098 6102 6141 6244 6334 6399 6437 6522 6549 6561 6851 6898 7002 7057 7087 7117 8104 8161 8176 8209 8273 8336 8627 8692 8772 8799 677 761 851 944 1011 1078 1110 1200 1325 1349 1421 1455 1480 2143 2320 2827 3546 4002 4382 4690 4715 5008 5150 5198 5348 5536 5567 5593 5753 6018 6041 6070 6101 6116 6148 6186 6271 6433 6438 6539 6553 6897 7109 8105 8171 8175 8282 8325 8378 847 896 945 1013 1102 1118 1184 1223 1260 1342 1369 1398 1440 1452 1466 1479 1557 2142 2303 2837 4004 4371 5004 5241 5360 5522 5551 5617 6152 6189 6255 6890 8296 8362 858 920 1134 1156 1215 1227 1257 1283 1340 1350 1384 1406 1453 1472 1547 2275 2316 2830 5359 5366 5476 5541 6213 6263 8309 858 914 924 1124 1139 1173 1207 1215 1254 1271 1308 1349 1392 1539 1548 2289 2310 5393 5462 5493 897 1124 1148 1181 1261 1276 1301 1320 1394 1527 1545 1550 2277 2302 5432 5454 1290 1316 1501 1531 5421 1316 5429 
9765 2663 9798 165 6718 9773 9889 57 2572 3496 8808 9769 9788 9823 9925 1 133 1775 2610 2689 4473 7433 9369 9771 9780 9795 9806 9916 9961 2 78 331 1912 2574 2614 2679 3095 3914 5811 6736 7779 9171 9671 9799 9814 9928 9969 10 76 80 287 519 1787 2403 2572 2593 2614 2677 2684 2802 3299 3802 4455 4875 5945 6721 6798 7592 8038 9004 9313 9476 9760 37 60 237 323 432 727 1780 1791 1992 2506 2575 2599 2650 2678 2764 3014 3174 3299 3714 3871 4132 4458 4636 4938 5860 6441 6734 6791 7119 7463 7660 7921 8481 8889 9081 9243 9333 9419 9563 9750 32 47 234 262 302 387 495 612 1679 1779 1879 1914 2112 2419 2541 2577 2608 2648 2707 2787 2917 3037 3102 3290 3379 3681 3765 3867 3892 3986 4396 4582 4818 4927 5147 5855 5927 5993 6605 6724 6747 6796 6807 7193 7440 7563 7598 7748 7875 8003 8394 8606 8861 8965 9027 9130 9191 9261 9333 9387 9431 9560 9604 9723 9752 10 48 189 234 258 269 290 370 400 449 508 550 724 1014 1750 1827 1893 1965 2092 2243 2405 2474 2538 2563 2589 2696 2752 2776 2801 2890 2962 3014 3043 3145 3222 3313 3396 3652 3681 3747 3773 3852 3888 3893 3927 4126 4186 4441 4514 4629 4769 4825 4881 4935 5140 5303 5850 5909 5977 6358 6442 6610 6759 6806 7005 7144 7370 7442 7479 7577 7698 7749 7787 7898 7975 8008 8059 8426 8586 8662 8821 8876 8916 9000 9018 9050 9088 9135 9187 9207 9249 9307 9366 9475 9563 9625 9702 9746 9754 172 229 256 332 382 394 404 435 455 503 533 583 668 796 1337 1691 1766 1820 1852 1955 1985 2026 2105 2201 2394 2409 2445 2491 2553 2571 2582 2781 2808 2907 2957 2977 3025 3042 3094 3106 3164 3182 3226 3302 3372 3381 3417 3526 3668 3683 3722 3753 3797 3814 3860 3884 3926 3979 4115 4161 4204 4418 4513 4524 4620 4701 4799 4819 4861 4924 4964 5141 5275 5670 5831 5851 5888 5926 5969 5990 6158 6367 6563 6626 6785 6802 6966 7050 7132 7154 7349 7428 7463 7504 7586 7677 7720 7763 7829 7893 7912 7970 7980 8049 8148 8403 8428 8556 8638 8669 8813 8859 8913 8949 8987 9017 9044 9061 9087 9095 9145 9174 9227 9306 9468 9580 9607 9666 9720 186 201 232 248 256 341 420 453 468 502 527 540 570 585 662 713 750 841 1065 1337 1690 1707 1754 1797 1871 1958 2005 2065 2102 2175 2212 2335 2398 2407 2421 2450 2486 2492 2545 2778 2844 2890 2915 2953 2957 3001 3026 3082 3162 3183 3254 3299 3302 3367 3395 3404 3451 3524 3562 3793 3801 3840 3866 3914 3927 3992 4156 4175 4197 4300 4503 4523 4544 4597 4625 4659 4701 4814 4859 4890 4958 5024 5254 5662 5774 5828 5866 5918 5947 5987 5991 6027 6282 6366 6408 6467 6570 6696 6811 6975 7005 7061 7144 7155 7302 7354 7415 7494 7530 7666 7692 7712 7735 7767 7809 7854 7908 7917 7924 8132 8216 8452 8509 8579 8636 8652 8666 8740 8841 9065 9223 9298 9569 9605 9616 9711 200 223 420 468 525 559 577 606 704 720 735 774 820 845 1051 1084 1572 1692 1741 1798 1872 1998 2079 2102 2127 2199 2235 2273 2354 2433 2462 2495 2549 2776 2819 2885 2898 2993 3003 3036 3238 3287 3309 3363 3384 3442 3476 3514 3556 3608 3773 3828 3862 3956 4093 4160 4167 4175 4192 4238 4335 4484 4503 4524 4550 4660 4731 4817 4942 4974 5093 5171 5267 5562 5665 5687 5785 5946 6025 6099 6281 6304 6391 6408 6465 6539 6573 6649 6710 6807 6858 6987 7055 7077 7234 7302 7366 7426 7559 7668 7679 7722 7791 7828 7857 7901 7916 8123 8141 8173 8253 8435 8475 8542 8585 8613 8641 8653 8668 8728 8806 8833 8858 9061 9618 9702 9712 194 211 521 526 577 585 669 722 748 761 786 824 943 1024 1058 1065 1247 1443 1621 1741 1811 2072 2103 2115 2130 2234 2249 2274 2339 2454 2467 2501 2809 2843 2870 2885 2905 3011 3264 3289 3334 3494 3503 3518 3553 3558 3865 3938 4056 4105 4268 4342 4473 4512 4546 4555 4669 4722 4745 4939 5013 5047 5117 5147 5188 5259 5268 5344 5629 5737 5783 5793 6006 6098 6130 6279 6291 6306 6392 6417 6450 6519 6561 6572 6592 6821 6866 6975 6998 7055 7062 7107 7549 8086 8137 8149 8178 8234 8285 8472 8538 8579 8616 8650 8679 8736 8799 8826 8851 699 767 789 940 997 1063 1065 1154 1328 1374 1475 1616 1626 2075 2148 2229 2275 2817 2819 2852 3258 3505 3552 3561 4013 4072 4354 4544 4663 4674 4706 4985 5067 5139 5167 5183 5246 5337 5451 5577 5649 5700 5756 6013 6043 6098 6102 6141 6244 6334 6399 6437 6522 6549 6561 6851 6898 7002 7057 7087 7117 8104 8161 8176 8209 8273 8336 8627 8692 8772 8799 677 761 851 944 1011 1078 1110 1200 1325 1349 1421 1455 1480 2143 2320 2827 3546 4002 4382 4690 4715 5008 5150 5198 5348 5536 5567 5593 5753 6018 6041 6070 6101 6116 6148 6186 6271 6433 6438 6539 6553 6897 7109 8105 8171 8175 8282 8325 8378 847 896 945 1013 1102 1118 1184 1223 1260 1342 1369 1398 1440 1452 1466 1479 1557 2142 2303 2837 4004 4371 5004 5241 5360 5522 5551 5617 6152 6189 6255 6890 8296 8362 858 920 1134 1156 1215 1227 1257 1283 1340 1350 1384 1406 1453 1472 1547 2275 2316 2830 5359 5366 5476 5541 6213 6263 8309 858 914 924 1124 1139 1173 1207 1215 1254 1271 1308 1349 1392 1539 1548 2289 2310 5393 5462 5493 897 1124 1148 1181 1261 1276 1301 1320 1394 1527 1545 1550 2277 2302 5432 5454 1290 1316 1501 1531 5421 1316 5429 
运行时间：150
