( 0 , 100 ) ( 0 , 50 ) ( 50 , 100 ) ( 0 , 25 ) ( 25 , 50 ) ( 50 , 75 ) ( 75 , 100 ) ( 0 , 12 ) ( 12 , 25 ) ( 25 , 37 ) ( 37 , 50 ) ( 50 , 62 ) ( 62 , 75 ) ( 75 , 87 ) ( 87 , 100 ) ( 0 , 6 ) ( 6 , 12 ) ( 12 , 18 ) ( 18 , 25 ) ( 25 , 31 ) ( 31 , 37 ) ( 37 , 43 ) ( 43 , 50 ) ( 50 , 56 ) ( 56 , 62 ) ( 62 , 68 ) ( 68 , 75 ) ( 75 , 81 ) ( 81 , 87 ) ( 87 , 93 ) ( 93 , 100 ) ( 0 , 3 ) ( 3 , 6 ) ( 6 , 9 ) ( 9 , 12 ) ( 12 , 15 ) ( 15 , 18 ) ( 18 , 21 ) ( 21 , 25 ) ( 25 , 28 ) ( 28 , 31 ) ( 31 , 34 ) ( 34 , 37 ) ( 37 , 40 ) ( 40 , 43 ) ( 43 , 46 ) ( 46 , 50 ) ( 50 , 53 ) ( 53 , 56 ) ( 56 , 59 ) ( 59 , 62 ) ( 62 , 65 ) ( 65 , 68 ) ( 68 , 71 ) ( 71 , 75 ) ( 75 , 78 ) ( 78 , 81 ) ( 81 , 84 ) ( 84 , 87 ) ( 87 , 90 ) ( 90 , 93 ) ( 93 , 96 ) ( 96 , 100 ) ( 0 , 1 ) ( 1 , 3 ) ( 3 , 4 ) ( 4 , 6 ) ( 6 , 7 ) ( 7 , 9 ) ( 9 , 10 ) ( 10 , 12 ) ( 12 , 13 ) ( 13 , 15 ) ( 15 , 16 ) ( 16 , 18 ) ( 18 , 19 ) ( 19 , 21 ) ( 21 , 23 ) ( 23 , 25 ) ( 25 , 26 ) ( 26 , 28 ) ( 28 , 29 ) ( 29 , 31 ) ( 31 , 32 ) ( 32 , 34 ) ( 34 , 35 ) ( 35 , 37 ) ( 37 , 38 ) ( 38 , 40 ) ( 40 , 41 ) ( 41 , 43 ) ( 43 , 44 ) ( 44 , 46 ) ( 46 , 48 ) ( 48 , 50 ) ( 50 , 51 ) ( 51 , 53 ) ( 53 , 54 ) ( 54 , 56 ) ( 56 , 57 ) ( 57 , 59 ) ( 59 , 60 ) ( 60 , 62 ) ( 62 , 63 ) ( 63 , 65 ) ( 65 , 66 ) ( 66 , 68 ) ( 68 , 69 ) ( 69 , 71 ) ( 71 , 73 ) ( 73 , 75 ) ( 75 , 76 ) ( 76 , 78 ) ( 78 , 79 ) ( 79 , 81 ) ( 81 , 82 ) ( 82 , 84 ) ( 84 , 85 ) ( 85 , 87 ) ( 87 , 88 ) ( 88 , 90 ) ( 90 , 91 ) ( 91 , 93 ) ( 93 , 94 ) ( 94 , 96 ) ( 96 , 98 ) ( 98 , 100 ) ( 1 , 2 ) ( 2 , 3 ) ( 4 , 5 ) ( 5 , 6 ) ( 7 , 8 ) ( 8 , 9 ) ( 10 , 11 ) ( 11 , 12 ) ( 13 , 14 ) ( 14 , 15 ) ( 16 , 17 ) ( 17 , 18 ) ( 19 , 20 ) ( 20 , 21 ) ( 21 , 22 ) ( 22 , 23 ) ( 23 , 24 ) ( 24 , 25 ) ( 26 , 27 ) ( 27 , 28 ) ( 29 , 30 ) ( 30 , 31 ) ( 32 , 33 ) ( 33 , 34 ) ( 35 , 36 ) ( 36 , 37 ) ( 38 , 39 ) ( 39 , 40 ) ( 41 , 42 ) ( 42 , 43 ) ( 44 , 45 ) ( 45 , 46 ) ( 46 , 47 ) ( 47 , 48 ) ( 48 , 49 ) ( 49 , 50 ) ( 51 , 52 ) ( 52 , 53 ) ( 54 , 55 ) ( 55 , 56 ) ( 57 , 58 ) ( 58 , 59 ) ( 60 , 61 ) ( 61 , 62 ) ( 63 , 64 ) ( 64 , 65 ) ( 66 , 67 ) ( 67 , 68 ) ( 69 , 70 ) ( 70 , 71 ) ( 71 , 72 ) ( 72 , 73 ) ( 73 , 74 ) ( 74 , 75 ) ( 76 , 77 ) ( 77 , 78 ) ( 79 , 80 ) ( 80 , 81 ) ( 82 , 83 ) ( 83 , 84 ) ( 85 , 86 ) ( 86 , 87 ) ( 88 , 89 ) ( 89 , 90 ) ( 91 , 92 ) ( 92 , 93 ) ( 94 , 95 ) ( 95 , 96 ) ( 96 , 97 ) ( 97 , 98 ) ( 98 , 99 ) ( 99 , 100 ) 
( 3 , 61 )
Count: 58
( 26 , 72 )
Count: 69
( 57 , 95 )
Count: 92
( 6 , 79 )
Count: 92
( 0 , 23 )
Count: 95
( 38 , 90 )
Count: 95
( 72 , 77 )
Count: 95
( 7 , 65 )
Count: 95
( 32 , 92 )
Count: 95
( 36 , 38 )
Count: 95
( 29 , 50 )
Count: 95
( 44 , 50 )
Count: 95
( 43 , 78 )
Count: 95
( 3 , 21 )
Count: 95
( 33 , 44 )
Count: 95
( 23 , 89 )
Count: 95
( 69 , 98 )
Count: 98
( 1 , 26 )
Count: 98
( 41 , 45 )
Count: 98
( 17 , 60 )
Count: 98
( 23 , 64 )
Count: 98
( 15 , 42 )
Count: 98
( 17 , 83 )
Count: 98
( 29 , 51 )
Count: 98
( 52 , 90 )
Count: 98
( 32 , 59 )
Count: 98
( 35 , 54 )
Count: 98
( 52 , 85 )
Count: 98
( 12 , 21 )
Count: 98
( 52 , 84 )
Count: 98
( 55 , 77 )
Count: 98
( 37 , 93 )
Count: 98
( 10 , 48 )
Count: 98
( 39 , 58 )
Count: 98
( 7 , 72 )
Count: 98
( 38 , 98 )
Count: 98
( 25 , 40 )
Count: 98
( 4 , 91 )
Count: 98
( 14 , 92 )
Count: 98
( 9 , 78 )
Count: 98
( 7 , 49 )
Count: 98
( 4 , 5 )
Count: 98
( 43 , 85 )
Count: 98
( 29 , 85 )
Count: 98
( 66 , 89 )
Count: 98
( 6 , 74 )
Count: 98
( 13 , 89 )
Count: 98
( 17 , 69 )
Count: 98
( 86 , 90 )
Count: 98
( 31 , 71 )
Count: 98
( 7 , 25 )
Count: 98
( 10 , 71 )
Count: 98
( 29 , 59 )
Count: 98
( 62 , 88 )
Count: 98
( 8 , 59 )
Count: 98
( 82 , 90 )
Count: 98
( 23 , 85 )
Count: 98
( 10 , 61 )
Count: 98
( 14 , 68 )
Count: 98
( 34 , 73 )
Count: 98
( 3 , 25 )
Count: 98
( 40 , 76 )
Count: 98
( 20 , 27 )
Count: 98
( 54 , 66 )
Count: 98
( 74 , 93 )
Count: 98
( 70 , 98 )
Count: 98
( 35 , 48 )
Count: 98
( 9 , 80 )
Count: 98
( 13 , 51 )
Count: 98
( 63 , 97 )
Count: 98
( 61 , 71 )
Count: 98
( 30 , 37 )
Count: 98
( 10 , 11 )
Count: 98
( 0 , 17 )
Count: 98
( 54 , 62 )
Count: 98
( 1 , 93 )
Count: 98
( 0 , 92 )
Count: 98
( 35 , 94 )
Count: 98
( 10 , 22 )
Count: 98
( 29 , 36 )
Count: 98
( 3 , 16 )
Count: 98
( 63 , 83 )
Count: 98
( 58 , 96 )
Count: 98
( 13 , 54 )
Count: 98
( 89 , 90 )
Count: 98
( 3 , 19 )
Count: 98
( 13 , 72 )
Count: 98
( 58 , 80 )
Count: 98
( 25 , 95 )
Count: 98
( 42 , 65 )
Count: 98
( 5 , 32 )
Count: 98
( 8 , 66 )
Count: 98
( 46 , 61 )
Count: 98
( 16 , 47 )
Count: 98
( 42 , 90 )
Count: 98
( 17 , 27 )
Count: 98
( 3 , 33 )
Count: 98
( 82 , 95 )
Count: 98
( 52 , 57 )
Count: 98
( 73 , 74 )
Count: 98
Count: 98
Count: 98
Count: 98
Count: 98
Count: 98
Count: 98
Count: 98
Count: 98
Count: 98
Count: 98
Count: 98
Count: 98
Count: 98
Count: 98
Count: 98
Count: 98
Count: 98
Count: 98
Count: 98
Count: 98
Count: 98
Count: 98
Count: 98
Count: 98
Count: 98
Count: 98
Count: 98
Count: 98
Count: 98
Count: 98
Count: 98
Count: 98
Count: 98
Count: 98
Count: 98
Count: 98
Count: 98
Count: 98
Count: 98
Count: 98
Count: 98
Count: 98
Count: 98
Count: 98
Count: 97
Count: 97
Count: 97
Count: 97
Count: 97
Count: 97
Count: 97
Count: 97
Count: 97
Count: 97
Count: 97
Count: 97
Count: 97
Count: 97
Count: 97
Count: 97
Count: 97
Count: 97
Count: 95
Count: 95
Count: 95
Count: 95
Count: 95
Count: 95
Count: 95
Count: 95
Count: 95
Count: 95
Count: 95
Count: 95
Count: 95
Count: 94
Count: 94
Count: 94
Count: 94
Count: 93
Count: 93
Count: 93
Count: 93
Count: 93
Count: 92
Count: 92
Count: 92
Count: 92
Count: 92
Count: 92
Count: 92
Count: 92
Count: 92
Count: 92
Count: 87
Count: 87
Count: 87
Count: 87
Count: 87
Count: 87

运行时间：15
