400
200
2 1
3 1.3
3.1 1.2
5.2 2.1
6 3
2 1
3 1.3
3.1 1.2
5.2 2.1
6 3
2 1
3 1.3
3.1 1.2
5.2 2.1
6 3
2 1
3 1.3
3.1 1.3
5.2 2.4
6 3.1
2 1
3 1.3
3.1 1.2
5.2 2.1
6 3
2 1
3 1.3
3.1 1.2
5.2 2.1
6 3
2 1
3 1.3
3.1 1.2
5.2 2.1
6 3
2 1
3 1.3
3.1 1.2
5.2 2.1
6 3
2 1
3 1.3
3.1 1.3
5.2 2.4
6 3.1
2 1
3 1.3
3.1 1.2
5.2 2.12 1
3 1.3
3.1 1.3
5.2 2.4
6 3.1
2 1
3 1.3
3.1 1.2
5.2 2.12 1
3 1.3
3.1 1.3
5.2 2.4
6 3.1
2 1
3 1.3
3.1 1.2
5.2 2.12 1
3 1.3
3.1 1.3
5.2 2.4
6 3.1
2 1
3 1.3
3.1 1.2
5.2 2.12 1
3 1.3
3.1 1.3
5.2 2.4
6 3.1
2 1
3 1.3
3.1 1.2
5.2 2.12 1
3 1.3
3.1 1.3
5.2 2.4
6 3.1
2 1
3 1.3
3.1 1.2
5.2 2.12 1
3 1.3
3.1 1.3
5.2 2.4
6 3.1
2 1
3 1.3
3.1 1.2
5.2 2.12 1
3 1.3
3.1 1.3
5.2 2.4
6 3.1
2 1
3 1.3
3.1 1.2
5.2 2.12 1
3 1.3
3.1 1.3
5.2 2.4
6 3.1
2 1
3 1.3
3.1 1.2
5.2 2.12 1
3 1.3
3.1 1.3
5.2 2.4
6 3.1
2 1
3 1.3
3.1 1.2
5.2 2.12 1
3 1.3
3.1 1.3
5.2 2.4
6 3.1
2 1
3 1.3
3.1 1.2
5.2 2.12 1
3 1.3
3.1 1.3
5.2 2.4
6 3.1
2 1
3 1.3
3.1 1.2
5.2 2.12 1
3 1.3 3
3.1 1.3
5.2 2.4
6 3.1
2 1
3 1.3
3.1 1.2
5.2 2.12 
3 1.3
3.1 1.3
5.2 2.4
6 3.1
2 1
3 1.3
3.1 1.2
5.2 2.12 1
3 1.3
3.1 1.3
5.2 2.4
6 3.1
2 1
3 1.3
3.1 1.2
5.2 2.1
6 3.1
2 1
3 1.3
3.1 1.2
5.2 2.12 1
3 1.3
3.1 1.3
5.2 2.4
6 3.1
2 1
3 1.36 3.1
2 1
3 1.3
3.1 1.2
5.2 2.12 1
3 1.3
3.1 1.3
5.2 2.4
6 3.1
2 1
3 1.36 3.1
2 1
3 1.3
3.1 1.2
5.2 2.12 1
3 1.3
3.1 1.3
5.2 2.4
6 3.1
2 1
3 1.36 3.1
2 1
3 1.3
3.1 1.2
5.2 2.12 1
3 1.3
3.1 1.3
5.2 2.4
6 3.1
2 1
3 1.36 3.1
2 1
3 1.3
3.1 1.2
5.2 2.12 1
3 1.3
3.1 1.3
5.2 2.4
6 3.1
2 1
3 1.36 3.1
2 1
3 1.3
3.1 1.2
5.2 2.12 1
3 1.3
3.1 1.3
5.2 2.4
6 3.1
2 1
3 1.36 3.1
2 1
3 1.3
3.1 1.2
5.2 2.12 1
3 1.3
3.1 1.3
5.2 2.4
6 3.1
2 1
3 1.36 3.1
2 1
3 1.3
3.1 1.2
5.2 2.12 1
3 1.3
3.1 1.3
5.2 2.4
6 3.1
2 1
3 1.36 3.1
2 1
3 1.3
3.1 1.2
5.2 2.12 1
3 1.3
3.1 1.3
5.2 2.4
6 3.1
2 1
3 1.36 3.1
2 1
3 1.3
3.1 1.2
5.2 2.12 1
3 1.3
3.1 1.3
5.2 2.4
6 3.1
2 1
3 1.36 3.1
2 1
3 1.3
3.1 1.2
5.2 2.12 1
3 1.3
3.1 1.3
5.2 2.4
6 3.1
2 1
3 1.36 3.1
2 1
3 1.3
3.1 1.2
5.2 2.12 1
3 1.3
3.1 1.3
5.2 2.4
6 3.1
2 1
3 1.36 3.1
2 1
3 1.3
3.1 1.2
5.2 2.12 1
3 1.3
3.1 1.3
5.2 2.4
6 3.1
2 1
3 1.36 3.1
2 1
3 1.3
3.1 1.2
5.2 2.12 1
3 1.3
3.1 1.3
5.2 2.4
6 3.1
2 1
3 1.3
